0, 41, 48, 55, 47, 131, 107, 67, 36, 54, 79, 132, 97, 17, 51, 59, 86, 83, 56, 34, 159, 68, 45, 54, 67, 74, 46, 106, 128, 44, 53, 136, 59, 81, 60, 130, 63, 45, 134, 139, 80, 9, 43, 77, 17, 85, 49, 66, 54, 168, 25, 44, 64, 68, 61, 27, 173, 55, 44, 53, 87, 120, 52, 64, 60, 34, 59, 52, 61, 128, 41, 49, 119, 127, 89, 22, 61, 80, 132, 39, 113, 92, 138, 142, 82, 50, 98, 83, 124, 158, 55, 44, 62, 112, 60, 59, 74, 87, 58, 73, 127, 56, 137, 37, 54, 80, 143, 77, 88, 97, 112, 70, 95, 55, 33, 66, 51, 49, 38, 88, 57, 17, 47, 22, 59, 48, 158, 70
41, 0, 23, 14, 14, 90, 66, 26, 5, 31, 98, 113, 78, 24, 44, 18, 105, 42, 17, 7, 118, 27, 4, 95, 52, 93, 27, 87, 87, 41, 12, 95, 18, 40, 19, 89, 22, 8, 115, 98, 59, 46, 10, 36, 32, 66, 12, 25, 13, 127, 16, 7, 23, 27, 20, 40, 132, 14, 33, 12, 68, 101, 11, 23, 19, 73, 18, 33, 20, 87, 38, 8, 100, 86, 70, 29, 20, 61, 91, 80, 72, 51, 97, 101, 63, 9, 57, 44, 83, 117, 14, 85, 21, 71, 19, 18, 33, 46, 39, 32, 108, 15, 118, 50, 13, 39, 124, 36, 65, 56, 71, 29, 76, 20, 8, 25, 36, 56, 5, 69, 16, 24, 6, 63, 100, 29, 117, 89
48, 23, 0, 23, 9, 83, 59, 19, 22, 8, 121, 90, 55, 45, 67, 13, 128, 35, 8, 16, 111, 22, 25, 102, 59, 116, 4, 64, 80, 48, 11, 88, 31, 41, 20, 82, 17, 31, 92, 91, 36, 53, 13, 55, 39, 43, 11, 18, 10, 120, 23, 16, 16, 24, 13, 47, 125, 13, 56, 33, 45, 78, 12, 36, 30, 80, 11, 10, 35, 80, 61, 19, 77, 79, 47, 52, 13, 38, 84, 87, 65, 66, 90, 94, 40, 18, 50, 35, 76, 110, 25, 92, 14, 64, 12, 17, 26, 59, 32, 25, 85, 18, 95, 73, 22, 32, 101, 37, 88, 49, 64, 22, 53, 7, 17, 18, 59, 79, 18, 46, 9, 37, 19, 70, 107, 6, 110, 112
55, 14, 23, 0, 14, 76, 52, 12, 19, 31, 98, 113, 78, 38, 44, 10, 105, 28, 17, 21, 104, 13, 10, 109, 66, 93, 27, 87, 73, 55, 12, 81, 8, 26, 5, 75, 8, 10, 115, 84, 59, 60, 12, 32, 46, 66, 12, 19, 13, 113, 30, 11, 9, 13, 20, 54, 118, 10, 33, 10, 68, 101, 11, 13, 7, 87, 16, 33, 12, 73, 38, 6, 100, 72, 70, 33, 12, 61, 77, 94, 58, 43, 83, 87, 63, 5, 43, 44, 69, 103, 2, 99, 19, 57, 19, 6, 19, 36, 39, 18, 108, 5, 118, 50, 1, 25, 124, 22, 65, 48, 57, 15, 76, 20, 22, 13, 36, 56, 17, 69, 14, 38, 8, 77, 114, 29, 103, 89
47, 14, 9, 14, 0, 84, 60, 20, 13, 17, 112, 99, 64, 36, 58, 12, 119, 36, 9, 13, 112, 21, 16, 101, 58, 107, 13, 73, 81, 47, 6, 89, 22, 34, 13, 83, 16, 22, 101, 92, 45, 52, 4, 46, 38, 52, 2, 19, 7, 121, 22, 7, 17, 21, 14, 46, 126, 8, 47, 24, 54, 87, 5, 27, 21, 79, 12, 19, 26, 81, 52, 10, 86, 80, 56, 43, 14, 47, 85, 86, 66, 57, 91, 95, 49, 9, 51, 36, 77, 111, 16, 91, 15, 65, 13, 12, 27, 50, 31, 26, 94, 9, 104, 64, 13, 33, 110, 30, 79, 50, 65, 23, 62, 8, 14, 19, 50, 70, 9, 55, 10, 30, 10, 69, 106, 15, 111, 103
131, 90, 83, 76, 84, 0, 66, 64, 95, 77, 138, 79, 128, 114, 84, 72, 145, 48, 75, 97, 34, 63, 86, 185, 142, 133, 85, 53, 7, 131, 78, 15, 72, 58, 71, 7, 68, 86, 83, 58, 51, 136, 88, 72, 122, 94, 82, 65, 77, 37, 106, 87, 67, 63, 70, 130, 42, 76, 87, 78, 122, 109, 79, 67, 71, 163, 72, 89, 70, 7, 90, 82, 78, 34, 124, 109, 70, 59, 53, 170, 18, 83, 75, 35, 49, 81, 33, 48, 7, 29, 76, 175, 69, 67, 71, 72, 57, 76, 115, 58, 68, 75, 90, 94, 77, 51, 84, 54, 105, 34, 71, 61, 72, 76, 98, 65, 80, 96, 93, 79, 74, 114, 84, 153, 190, 85, 33, 129
107, 66, 59, 52, 60, 66, 0, 40, 71, 57, 72, 139, 104, 90, 56, 48, 79, 50, 51, 73, 52, 39, 62, 161, 118, 67, 61, 113, 73, 107, 54, 51, 48, 26, 47, 59, 44, 62, 141, 32, 85, 112, 64, 30, 98, 92, 58, 45, 53, 61, 82, 63, 43, 39, 46, 106, 66, 52, 63, 54, 98, 127, 55, 43, 47, 139, 48, 65, 46, 59, 66, 58, 126, 32, 100, 85, 46, 87, 25, 146, 64, 17, 31, 35, 89, 57, 49, 70, 65, 51, 52, 151, 45, 5, 47, 48, 33, 20, 91, 34, 134, 51, 144, 70, 53, 39, 150, 30, 39, 74, 5, 37, 102, 52, 74, 41, 56, 58, 69, 95, 50, 90, 60, 129, 166, 61, 51, 63
67, 26, 19, 12, 20, 64, 40, 0, 31, 25, 104, 107, 72, 50, 50, 8, 111, 18, 11, 33, 92, 5, 22, 121, 78, 99, 21, 81, 61, 67, 14, 69, 14, 24, 7, 63, 4, 22, 109, 72, 53, 72, 24, 38, 58, 60, 18, 13, 13, 101, 42, 23, 3, 7, 14, 66, 106, 12, 39, 16, 62, 95, 15, 19, 13, 99, 10, 27, 18, 61, 44, 18, 94, 60, 64, 45, 6, 55, 65, 106, 46, 49, 71, 75, 57, 17, 31, 38, 57, 91, 12, 111, 13, 45, 13, 8, 7, 42, 51, 6, 102, 11, 112, 56, 13, 13, 118, 20, 71, 42, 45, 5, 70, 14, 34, 7, 42, 62, 29, 63, 10, 50, 20, 89, 126, 23, 91, 95
36, 5, 22, 19, 13, 95, 71, 31, 0, 30, 99, 112, 77, 23, 45, 23, 106, 47, 20, 6, 123, 32, 9, 90, 47, 94, 26, 86, 92, 36, 17, 100, 23, 45, 24, 94, 27, 9, 114, 103, 58, 41, 9, 41, 27, 65, 13, 30, 18, 132, 11, 8, 28, 32, 25, 35, 137, 19, 34, 17, 67, 100, 16, 28, 24, 68, 23, 32, 25, 92, 39, 13, 99, 91, 69, 30, 25, 60, 96, 75, 77, 56, 102, 106, 62, 14, 62, 47, 88, 122, 19, 80, 26, 76, 24, 23, 38, 51, 38, 37, 107, 20, 117, 51, 18, 44, 123, 41, 66, 61, 76, 34, 75, 19, 5, 30, 37, 57, 4, 68, 21, 19, 11, 58, 95, 28, 122, 90
54, 31, 8, 31, 17, 77, 57, 25, 30, 0, 129, 82, 51, 53, 75, 21, 136, 29, 14, 24, 105, 30, 33, 108, 65, 124, 8, 56, 74, 54, 19, 82, 39, 49, 28, 76, 25, 39, 84, 85, 28, 59, 21, 63, 45, 35, 19, 12, 18, 114, 31, 24, 22, 32, 11, 53, 119, 21, 64, 41, 45, 70, 20, 44, 38, 86, 15, 12, 43, 74, 69, 27, 69, 73, 47, 60, 19, 30, 78, 93, 59, 74, 84, 88, 32, 26, 44, 29, 70, 104, 33, 98, 12, 58, 12, 25, 32, 67, 38, 29, 77, 26, 87, 81, 30, 26, 93, 45, 96, 43, 62, 20, 45, 11, 25, 18, 67, 87, 26, 38, 17, 45, 27, 76, 113, 8, 104, 120
79, 98, 121, 98, 112, 138, 72, 104, 99, 129, 0, 211, 176, 76, 54, 108, 7, 122, 115, 105, 104, 99, 96, 113, 146, 17, 125, 185, 145, 123, 110, 123, 90, 80, 101, 131, 104, 90, 213, 80, 157, 70, 108, 66, 96, 164, 110, 117, 111, 113, 98, 105, 107, 97, 118, 106, 114, 108, 65, 88, 166, 199, 109, 85, 91, 113, 114, 131, 86, 131, 60, 102, 198, 104, 168, 69, 110, 159, 85, 98, 136, 55, 79, 103, 161, 103, 121, 142, 137, 109, 96, 103, 117, 71, 117, 104, 97, 62, 137, 100, 206, 103, 216, 48, 99, 111, 222, 84, 33, 146, 67, 109, 174, 118, 104, 111, 62, 42, 103, 167, 112, 84, 102, 81, 118, 127, 105, 9
132, 113, 90, 113, 99, 79, 139, 107, 112, 82, 211, 0, 49, 135, 157, 103, 218, 89, 96, 106, 107, 112, 115, 116, 65, 206, 86, 26, 76, 88, 101, 88, 121, 131, 110, 80, 107, 121, 4, 131, 54, 141, 103, 145, 115, 47, 101, 94, 100, 116, 113, 106, 104, 114, 93, 105, 121, 103, 146, 123, 45, 30, 102, 126, 120, 98, 97, 80, 125, 80, 151, 109, 13, 107, 45, 142, 101, 52, 126, 129, 75, 156, 148, 108, 50, 108, 90, 69, 74, 106, 115, 110, 94, 140, 94, 107, 114, 149, 74, 111, 23, 108, 11, 163, 112, 100, 11, 127, 178, 65, 144, 102, 37, 93, 107, 100, 149, 169, 108, 44, 99, 127, 109, 130, 115, 84, 106, 202
97, 78, 55, 78, 64, 128, 104, 72, 77, 51, 176, 49, 0, 100, 122, 68, 183, 80, 61, 71, 156, 77, 80, 81, 30, 171, 51, 75, 125, 53, 66, 133, 86, 96, 75, 127, 72, 86, 45, 136, 77, 106, 68, 110, 80, 34, 66, 63, 65, 165, 78, 71, 69, 79, 58, 70, 170, 68, 111, 88, 10, 23, 67, 91, 85, 63, 62, 45, 90, 125, 116, 74, 50, 124, 8, 107, 66, 69, 129, 94, 110, 121, 135, 139, 79, 73, 95, 80, 121, 155, 80, 75, 59, 109, 59, 72, 79, 114, 39, 76, 72, 73, 40, 128, 77, 77, 46, 92, 143, 94, 109, 67, 56, 58, 72, 65, 114, 134, 73, 49, 64, 92, 74, 95, 80, 49, 155, 167
17, 24, 45, 38, 36, 114, 90, 50, 23, 53, 76, 135, 100, 0, 34, 42, 83, 66, 39, 29, 142, 51, 28, 71, 70, 71, 49, 109, 111, 47, 36, 119, 42, 64, 43, 113, 46, 28, 137, 122, 81, 22, 32, 60, 20, 88, 34, 49, 37, 151, 22, 29, 47, 51, 44, 30, 156, 38, 27, 36, 90, 123, 35, 47, 43, 49, 42, 55, 44, 111, 24, 32, 122, 110, 92, 7, 44, 83, 115, 56, 96, 75, 121, 125, 85, 33, 81, 66, 107, 141, 38, 61, 45, 95, 43, 42, 57, 70, 61, 56, 130, 39, 140, 28, 37, 63, 146, 60, 71, 80, 95, 53, 98, 42, 28, 49, 34, 34, 27, 91, 40, 8, 30, 39, 76, 51, 141, 67
51, 44, 67, 44, 58, 84, 56, 50, 45, 75, 54, 157, 122, 34, 0, 54, 61, 68, 61, 51, 108, 45, 42, 105, 92, 49, 71, 131, 91, 69, 56, 85, 36, 30, 47, 79, 50, 36, 159, 88, 103, 56, 54, 26, 42, 110, 56, 63, 57, 117, 44, 51, 53, 43, 64, 52, 122, 54, 11, 34, 112, 145, 55, 31, 37, 83, 60, 77, 32, 77, 10, 48, 144, 76, 114, 29, 56, 105, 81, 90, 82, 41, 87, 91, 107, 49, 67, 88, 83, 107, 42, 95, 63, 61, 63, 50, 43, 36, 83, 46, 152, 49, 162, 14, 45, 57, 168, 30, 37, 92, 61, 55, 120, 64, 50, 57, 8, 12, 49, 113, 58, 34, 48, 73, 110, 73, 107, 45
59, 18, 13, 10, 12, 72, 48, 8, 23, 21, 108, 103, 68, 42, 54, 0, 115, 24, 7, 25, 100, 9, 14, 113, 70, 103, 17, 77, 69, 59, 6, 77, 18, 28, 7, 71, 4, 18, 105, 80, 49, 64, 16, 42, 50, 56, 10, 9, 5, 109, 34, 15, 5, 11, 10, 58, 114, 4, 43, 20, 58, 91, 7, 23, 17, 91, 6, 23, 22, 69, 48, 10, 90, 68, 60, 39, 2, 51, 73, 98, 54, 53, 79, 83, 53, 9, 39, 34, 65, 99, 12, 103, 9, 53, 9, 4, 15, 46, 43, 14, 98, 5, 108, 60, 9, 21, 114, 24, 75, 38, 53, 11, 66, 10, 26, 7, 46, 66, 21, 59, 4, 42, 12, 81, 118, 19, 99, 99
86, 105, 128, 105, 119, 145, 79, 111, 106, 136, 7, 218, 183, 83, 61, 115, 0, 129, 122, 112, 111, 106, 103, 114, 153, 18, 132, 192, 152, 130, 117, 130, 97, 87, 108, 138, 111, 97, 220, 87, 164, 77, 115, 73, 103, 171, 117, 124, 118, 120, 105, 112, 114, 104, 125, 113, 121, 115, 72, 95, 173, 206, 116, 92, 98, 120, 121, 138, 93, 138, 67, 109, 205, 111, 175, 76, 117, 166, 92, 99, 143, 62, 78, 110, 168, 110, 128, 149, 144, 116, 103, 108, 124, 78, 124, 111, 104, 69, 144, 107, 213, 110, 223, 55, 106, 118, 229, 91, 40, 153, 74, 116, 181, 125, 111, 118, 69, 49, 110, 174, 119, 91, 109, 88, 119, 134, 112, 16
83, 42, 35, 28, 36, 48, 50, 18, 47, 29, 122, 89, 80, 66, 68, 24, 129, 0, 27, 49, 76, 23, 38, 137, 94, 117, 37, 63, 45, 83, 30, 53, 32, 42, 23, 47, 20, 38, 91, 56, 35, 88, 40, 56, 74, 46, 34, 17, 29, 85, 58, 39, 19, 25, 22, 82, 90, 28, 57, 34, 74, 77, 31, 37, 31, 115, 24, 41, 36, 45, 62, 34, 76, 44, 76, 61, 22, 37, 49, 122, 30, 67, 59, 59, 39, 33, 15, 20, 41, 75, 28, 127, 21, 51, 23, 24, 25, 60, 67, 22, 84, 27, 94, 74, 29, 11, 100, 38, 89, 24, 55, 13, 52, 28, 50, 17, 60, 80, 45, 45, 26, 66, 36, 105, 142, 37, 75, 113
56, 17, 8, 17, 9, 75, 51, 11, 20, 14, 115, 96, 61, 39, 61, 7, 122, 27, 0, 22, 103, 16, 19, 110, 67, 110, 10, 70, 72, 56, 5, 80, 25, 35, 14, 74, 11, 25, 98, 83, 42, 61, 13, 49, 47, 49, 7, 10, 4, 112, 31, 12, 8, 18, 5, 55, 117, 7, 50, 27, 51, 84, 6, 30, 24, 88, 3, 16, 29, 72, 55, 13, 83, 71, 53, 46, 5, 44, 76, 95, 57, 60, 82, 86, 46, 12, 42, 27, 68, 102, 19, 100, 6, 56, 4, 11, 18, 53, 40, 17, 91, 12, 101, 67, 16, 24, 107, 31, 82, 41, 56, 14, 59, 3, 23, 10, 53, 73, 18, 52, 3, 39, 13, 78, 115, 12, 102, 106
34, 7, 16, 21, 13, 97, 73, 33, 6, 24, 105, 106, 71, 29, 51, 25, 112, 49, 22, 0, 125, 34, 11, 88, 45, 100, 20, 80, 94, 34, 19, 102, 25, 47, 26, 96, 29, 15, 108, 105, 52, 39, 9, 43, 25, 59, 15, 32, 20, 134, 9, 10, 30, 34, 27, 33, 139, 21, 40, 19, 61, 94, 18, 30, 26, 66, 25, 26, 27, 94, 45, 15, 93, 93, 63, 36, 27, 54, 98, 73, 79, 58, 104, 108, 56, 16, 64, 49, 90, 124, 21, 78, 28, 78, 26, 25, 40, 53, 32, 39, 101, 22, 111, 57, 20, 46, 117, 43, 72, 63, 78, 36, 69, 21, 1, 32, 43, 63, 4, 62, 23, 21, 13, 56, 93, 22, 124, 96
159, 118, 111, 104, 112, 34, 52, 92, 123, 105, 104, 107, 156, 142, 108, 100, 111, 76, 103, 125, 0, 91, 114, 213, 170, 117, 113, 81, 41, 159, 106, 23, 100, 78, 99, 29, 96, 114, 111, 24, 79, 164, 116, 82, 150, 122, 110, 93, 105, 9, 134, 115, 95, 91, 98, 158, 14, 104, 115, 106, 150, 137, 107, 95, 99, 191, 100, 117, 98, 31, 118, 110, 106, 32, 152, 137, 98, 87, 27, 198, 46, 67, 41, 17, 77, 109, 61, 76, 35, 5, 104, 203, 97, 47, 99, 100, 85, 72, 143, 86, 102, 103, 118, 122, 105, 79, 118, 82, 71, 62, 47, 89, 100, 104, 126, 93, 108, 110, 121, 107, 102, 142, 112, 181, 218, 113, 1, 101
68, 27, 22, 13, 21, 63, 39, 5, 32, 30, 99, 112, 77, 51, 45, 9, 106, 23, 16, 34, 91, 0, 23, 122, 79, 94, 26, 86, 60, 68, 15, 68, 9, 19, 8, 62, 5, 23, 114, 71, 58, 73, 25, 33, 59, 65, 19, 18, 14, 100, 43, 24, 8, 2, 19, 67, 105, 13, 34, 15, 67, 100, 16, 14, 8, 100, 15, 32, 13, 60, 39, 19, 99, 59, 69, 46, 11, 60, 64, 107, 45, 44, 70, 74, 62, 18, 30, 43, 56, 90, 13, 112, 18, 44, 18, 9, 6, 37, 52, 5, 107, 12, 117, 51, 14, 12, 123, 15, 66, 47, 44, 10, 75, 19, 35, 12, 37, 57, 30, 68, 13, 51, 21, 90, 127, 28, 90, 90
45, 4, 25, 10, 16, 86, 62, 22, 9, 33, 96, 115, 80, 28, 42, 14, 103, 38, 19, 11, 114, 23, 0, 99, 56, 91, 29, 89, 83, 45, 14, 91, 14, 36, 15, 85, 18, 6, 117, 94, 61, 50, 12, 32, 36, 68, 14, 21, 15, 123, 20, 9, 19, 23, 22, 44, 128, 12, 31, 8, 70, 103, 13, 19, 15, 77, 18, 35, 16, 83, 36, 6, 102, 82, 72, 27, 16, 63, 87, 84, 68, 47, 93, 97, 65, 7, 53, 46, 79, 113, 10, 89, 21, 67, 21, 14, 29, 42, 41, 28, 110, 11, 120, 48, 9, 35, 126, 32, 63, 52, 67, 25, 78, 22, 12, 21, 34, 54, 7, 71, 16, 28, 6, 67, 104, 31, 113, 87
54, 95, 102, 109, 101, 185, 161, 121, 90, 108, 113, 116, 81, 71, 105, 113, 114, 137, 110, 88, 213, 122, 99, 0, 51, 96, 100, 132, 182, 54, 107, 190, 113, 135, 114, 184, 117, 99, 118, 193, 134, 49, 97, 131, 63, 91, 103, 120, 108, 222, 79, 98, 118, 122, 115, 55, 227, 109, 98, 107, 71, 104, 106, 118, 114, 22, 113, 96, 115, 182, 95, 103, 107, 181, 73, 76, 115, 126, 186, 15, 167, 146, 192, 196, 136, 104, 152, 137, 178, 212, 109, 10, 116, 166, 114, 113, 128, 141, 70, 127, 129, 110, 121, 91, 108, 134, 127, 131, 142, 151, 166, 124, 113, 109, 87, 120, 105, 103, 92, 106, 111, 71, 101, 32, 5, 100, 212, 112
67, 52, 59, 66, 58, 142, 118, 78, 47, 65, 146, 65, 30, 70, 92, 70, 153, 94, 67, 45, 170, 79, 56, 51, 0, 141, 57, 89, 139, 23, 64, 147, 70, 92, 71, 141, 74, 56, 67, 150, 91, 76, 54, 88, 50, 48, 60, 77, 65, 179, 48, 55, 75, 79, 72, 40, 184, 66, 81, 64, 20, 53, 63, 75, 71, 33, 70, 53, 72, 139, 86, 60, 64, 138, 22, 77, 72, 83, 143, 64, 124, 103, 149, 153, 93, 61, 109, 94, 135, 169, 66, 45, 73, 123, 71, 70, 85, 98, 27, 84, 86, 67, 70, 98, 65, 91, 76, 88, 113, 108, 123, 81, 70, 66, 44, 77, 84, 104, 49, 63, 68, 62, 58, 65, 50, 57, 169, 137
74, 93, 116, 93, 107, 133, 67, 99, 94, 124, 17, 206, 171, 71, 49, 103, 18, 117, 110, 100, 117, 94, 91, 96, 141, 0, 120, 180, 140, 118, 105, 118, 85, 75, 96, 126, 99, 85, 208, 97, 152, 65, 103, 61, 91, 159, 105, 112, 106, 126, 93, 100, 102, 92, 113, 101, 131, 103, 60, 83, 161, 194, 104, 80, 86, 108, 109, 126, 81, 126, 55, 97, 193, 99, 163, 64, 105, 154, 90, 81, 131, 50, 96, 100, 156, 98, 116, 137, 132, 116, 91, 96, 112, 70, 112, 99, 92, 57, 132, 95, 201, 98, 211, 43, 94, 106, 217, 79, 46, 141, 70, 104, 169, 113, 99, 106, 57, 37, 98, 162, 107, 79, 97, 76, 101, 122, 116, 16
46, 27, 4, 27, 13, 85, 61, 21, 26, 8, 125, 86, 51, 49, 71, 17, 132, 37, 10, 20, 113, 26, 29, 100, 57, 120, 0, 60, 82, 46, 15, 90, 35, 45, 24, 84, 21, 35, 88, 93, 34, 55, 17, 59, 37, 39, 15, 20, 14, 122, 27, 20, 18, 28, 15, 45, 127, 17, 60, 37, 41, 74, 16, 40, 34, 78, 13, 6, 39, 82, 65, 23, 73, 81, 43, 56, 15, 34, 86, 85, 67, 70, 92, 96, 36, 22, 52, 37, 78, 112, 29, 90, 16, 66, 14, 21, 28, 63, 30, 27, 81, 22, 91, 77, 26, 34, 97, 41, 92, 51, 66, 24, 49, 9, 21, 20, 63, 83, 22, 42, 13, 41, 23, 68, 105, 2, 112, 116
106, 87, 64, 87, 73, 53, 113, 81, 86, 56, 185, 26, 75, 109, 131, 77, 192, 63, 70, 80, 81, 86, 89, 132, 89, 180, 60, 0, 50, 78, 75, 62, 95, 105, 84, 54, 81, 95, 30, 105, 28, 115, 77, 119, 89, 41, 75, 68, 74, 90, 87, 80, 78, 88, 67, 79, 95, 77, 120, 97, 69, 56, 76, 100, 94, 110, 71, 54, 99, 54, 125, 83, 25, 81, 71, 116, 75, 26, 100, 117, 49, 130, 122, 82, 24, 82, 64, 43, 48, 80, 89, 122, 68, 114, 68, 81, 88, 123, 62, 85, 21, 82, 37, 137, 86, 74, 37, 101, 152, 39, 118, 76, 19, 67, 81, 74, 123, 143, 82, 26, 73, 101, 83, 104, 137, 58, 80, 176
128, 87, 80, 73, 81, 7, 73, 61, 92, 74, 145, 76, 125, 111, 91, 69, 152, 45, 72, 94, 41, 60, 83, 182, 139, 140, 82, 50, 0, 128, 75, 22, 69, 65, 68, 14, 65, 83, 80, 65, 48, 133, 85, 79, 119, 91, 79, 62, 74, 40, 103, 84, 64, 60, 67, 127, 45, 73, 84, 75, 119, 106, 76, 64, 68, 160, 69, 86, 67, 14, 87, 79, 75, 41, 121, 106, 67, 56, 60, 167, 15, 90, 82, 42, 46, 78, 30, 45, 8, 36, 73, 172, 66, 74, 68, 69, 54, 83, 112, 55, 61, 72, 87, 97, 74, 48, 81, 61, 112, 31, 78, 58, 69, 73, 95, 62, 83, 103, 90, 76, 71, 111, 81, 150, 187, 82, 40, 136
44, 41, 48, 55, 47, 131, 107, 67, 36, 54, 123, 88, 53, 47, 69, 59, 130, 83, 56, 34, 159, 68, 45, 54, 23, 118, 46, 78, 128, 0, 53, 136, 59, 81, 60, 130, 63, 45, 90, 139, 80, 53, 43, 77, 27, 41, 49, 66, 54, 168, 25, 44, 64, 68, 61, 17, 173, 55, 58, 53, 43, 76, 52, 64, 60, 32, 59, 42, 61, 128, 63, 49, 75, 127, 45, 54, 61, 72, 132, 41, 113, 92, 138, 142, 82, 50, 98, 83, 124, 158, 55, 44, 62, 112, 60, 59, 74, 87, 16, 73, 83, 56, 93, 75, 54, 80, 99, 77, 90, 97, 112, 70, 59, 55, 33, 66, 61, 81, 38, 52, 57, 39, 47, 42, 59, 46, 158, 114
53, 12, 11, 12, 6, 78, 54, 14, 17, 19, 110, 101, 66, 36, 56, 6, 117, 30, 5, 19, 106, 15, 14, 107, 64, 105, 15, 75, 75, 53, 0, 83, 20, 30, 9, 77, 10, 20, 103, 86, 47, 58, 10, 44, 44, 54, 4, 13, 1, 115, 28, 9, 11, 15, 8, 52, 120, 2, 45, 22, 56, 89, 1, 25, 19, 85, 6, 21, 24, 75, 50, 8, 88, 74, 58, 41, 8, 49, 79, 92, 60, 55, 85, 89, 51, 7, 45, 32, 71, 105, 14, 97, 9, 59, 7, 6, 21, 48, 37, 20, 96, 7, 106, 62, 11, 27, 112, 26, 77, 44, 59, 17, 64, 8, 20, 13, 48, 68, 15, 57, 4, 36, 8, 75, 112, 17, 105, 101
136, 95, 88, 81, 89, 15, 51, 69, 100, 82, 123, 88, 133, 119, 85, 77, 130, 53, 80, 102, 23, 68, 91, 190, 147, 118, 90, 62, 22, 136, 83, 0, 77, 55, 76, 8, 73, 91, 90, 43, 56, 141, 93, 59, 127, 99, 87, 70, 82, 32, 111, 92, 72, 68, 75, 135, 37, 81, 92, 83, 127, 114, 84, 72, 76, 168, 77, 94, 75, 8, 95, 87, 83, 19, 129, 114, 75, 64, 38, 175, 23, 68, 60, 20, 54, 86, 38, 53, 14, 22, 81, 180, 74, 52, 76, 77, 62, 61, 120, 63, 83, 80, 95, 99, 82, 56, 99, 59, 90, 39, 56, 66, 77, 81, 103, 70, 85, 87, 98, 84, 79, 119, 89, 158, 195, 90, 22, 114
59, 18, 31, 8, 22, 72, 48, 14, 23, 39, 90, 121, 86, 42, 36, 18, 97, 32, 25, 25, 100, 9, 14, 113, 70, 85, 35, 95, 69, 59, 20, 77, 0, 22, 11, 71, 14, 14, 123, 80, 67, 64, 18, 24, 50, 74, 20, 27, 21, 109, 34, 15, 17, 9, 28, 58, 114, 18, 25, 6, 76, 109, 19, 5, 1, 91, 24, 41, 4, 69, 30, 12, 108, 68, 78, 37, 20, 69, 73, 98, 54, 35, 79, 83, 71, 13, 39, 52, 65, 99, 6, 103, 27, 53, 27, 14, 15, 28, 47, 14, 116, 13, 126, 42, 9, 21, 132, 18, 57, 56, 53, 19, 84, 28, 26, 21, 28, 48, 21, 77, 22, 42, 12, 81, 118, 37, 99, 81
81, 40, 41, 26, 34, 58, 26, 24, 45, 49, 80, 131, 96, 64, 30, 28, 87, 42, 35, 47, 78, 19, 36, 135, 92, 75, 45, 105, 65, 81, 30, 55, 22, 0, 21, 51, 24, 36, 133, 58, 77, 86, 38, 14, 72, 84, 32, 37, 31, 87, 56, 37, 27, 17, 38, 80, 92, 28, 37, 28, 86, 119, 29, 17, 21, 113, 34, 51, 20, 51, 40, 32, 118, 46, 88, 59, 30, 79, 51, 120, 56, 25, 57, 61, 81, 31, 41, 62, 57, 77, 26, 125, 37, 31, 37, 24, 17, 18, 65, 20, 126, 25, 136, 44, 27, 31, 142, 4, 47, 66, 31, 29, 94, 38, 48, 31, 30, 38, 43, 87, 32, 64, 34, 103, 140, 47, 77, 71
60, 19, 20, 5, 13, 71, 47, 7, 24, 28, 101, 110, 75, 43, 47, 7, 108, 23, 14, 26, 99, 8, 15, 114, 71, 96, 24, 84, 68, 60, 9, 76, 11, 21, 0, 70, 3, 15, 112, 79, 56, 65, 17, 35, 51, 63, 11, 16, 10, 108, 35, 16, 6, 8, 17, 59, 113, 7, 36, 13, 65, 98, 8, 16, 10, 92, 13, 30, 15, 68, 41, 11, 97, 67, 67, 38, 9, 58, 72, 99, 53, 46, 78, 82, 60, 10, 38, 41, 64, 98, 5, 104, 16, 52, 16, 3, 14, 39, 44, 13, 105, 4, 115, 53, 6, 20, 121, 17, 68, 45, 52, 10, 73, 17, 27, 10, 39, 59, 22, 66, 11, 43, 13, 82, 119, 26, 98, 92
130, 89, 82, 75, 83, 7, 59, 63, 94, 76, 131, 80, 127, 113, 79, 71, 138, 47, 74, 96, 29, 62, 85, 184, 141, 126, 84, 54, 14, 130, 77, 8, 71, 51, 70, 0, 67, 85, 82, 51, 50, 135, 87, 65, 121, 93, 81, 64, 76, 38, 105, 86, 66, 62, 69, 129, 43, 75, 86, 77, 121, 108, 78, 66, 70, 162, 71, 88, 69, 2, 89, 81, 77, 27, 123, 108, 69, 58, 46, 169, 17, 76, 68, 28, 48, 80, 32, 47, 6, 28, 75, 174, 68, 60, 70, 71, 56, 69, 114, 57, 75, 74, 89, 93, 76, 50, 91, 53, 98, 33, 64, 60, 71, 75, 97, 64, 79, 89, 92, 78, 73, 113, 83, 152, 189, 84, 28, 122
63, 22, 17, 8, 16, 68, 44, 4, 27, 25, 104, 107, 72, 46, 50, 4, 111, 20, 11, 29, 96, 5, 18, 117, 74, 99, 21, 81, 65, 63, 10, 73, 14, 24, 3, 67, 0, 18, 109, 76, 53, 68, 20, 38, 54, 60, 14, 13, 9, 105, 38, 19, 3, 7, 14, 62, 110, 8, 39, 16, 62, 95, 11, 19, 13, 95, 10, 27, 18, 65, 44, 14, 94, 64, 64, 41, 6, 55, 69, 102, 50, 49, 75, 79, 57, 13, 35, 38, 61, 95, 8, 107, 13, 49, 13, 4, 11, 42, 47, 10, 102, 7, 112, 56, 9, 17, 118, 20, 71, 42, 49, 7, 70, 14, 30, 7, 42, 62, 25, 63, 8, 46, 16, 85, 122, 23, 95, 95
45, 8, 31, 10, 22, 86, 62, 22, 9, 39, 90, 121, 86, 28, 36, 18, 97, 38, 25, 15, 114, 23, 6, 99, 56, 85, 35, 95, 83, 45, 20, 91, 14, 36, 15, 85, 18, 0, 123, 94, 67, 50, 18, 32, 36, 74, 20, 27, 21, 123, 20, 15, 19, 23, 28, 44, 128, 18, 25, 8, 76, 109, 19, 19, 15, 77, 24, 41, 16, 83, 30, 12, 108, 82, 78, 23, 20, 69, 87, 84, 68, 47, 93, 97, 71, 13, 53, 52, 79, 113, 10, 89, 27, 67, 27, 14, 29, 42, 47, 28, 116, 13, 126, 42, 9, 35, 132, 32, 57, 56, 67, 25, 84, 28, 14, 21, 28, 48, 13, 77, 22, 28, 12, 67, 104, 37, 113, 81
134, 115, 92, 115, 101, 83, 141, 109, 114, 84, 213, 4, 45, 137, 159, 105, 220, 91, 98, 108, 111, 114, 117, 118, 67, 208, 88, 30, 80, 90, 103, 90, 123, 133, 112, 82, 109, 123, 0, 133, 56, 143, 105, 147, 117, 49, 103, 96, 102, 120, 115, 108, 106, 116, 95, 107, 125, 105, 148, 125, 47, 26, 104, 128, 122, 100, 99, 82, 127, 82, 153, 111, 15, 109, 45, 144, 103, 54, 128, 131, 77, 158, 150, 110, 52, 110, 92, 71, 76, 110, 117, 112, 96, 142, 96, 109, 116, 151, 76, 113, 27, 110, 7, 165, 114, 102, 9, 129, 180, 67, 146, 104, 39, 95, 109, 102, 151, 171, 110, 46, 101, 129, 111, 132, 117, 86, 110, 204
139, 98, 91, 84, 92, 58, 32, 72, 103, 85, 80, 131, 136, 122, 88, 80, 87, 56, 83, 105, 24, 71, 94, 193, 150, 97, 93, 105, 65, 139, 86, 43, 80, 58, 79, 51, 76, 94, 133, 0, 77, 144, 96, 62, 130, 102, 90, 73, 85, 33, 114, 95, 75, 71, 78, 138, 34, 84, 95, 86, 130, 119, 87, 75, 79, 171, 80, 97, 78, 51, 98, 90, 118, 24, 132, 117, 78, 79, 7, 178, 56, 47, 17, 23, 81, 89, 41, 62, 57, 29, 84, 183, 77, 27, 79, 80, 65, 52, 123, 66, 126, 83, 136, 102, 85, 59, 142, 62, 51, 66, 27, 69, 94, 84, 106, 73, 88, 90, 101, 87, 82, 122, 92, 161, 198, 93, 25, 81
80, 59, 36, 59, 45, 51, 85, 53, 58, 28, 157, 54, 77, 81, 103, 49, 164, 35, 42, 52, 79, 58, 61, 134, 91, 152, 34, 28, 48, 80, 47, 56, 67, 77, 56, 50, 53, 67, 56, 77, 0, 87, 49, 91, 71, 43, 47, 40, 46, 88, 59, 52, 50, 60, 39, 79, 93, 49, 92, 69, 71, 58, 48, 72, 66, 112, 43, 38, 71, 48, 97, 55, 41, 53, 73, 88, 47, 8, 72, 119, 33, 102, 94, 62, 4, 54, 36, 15, 44, 78, 61, 124, 40, 86, 40, 53, 60, 95, 64, 57, 49, 54, 59, 109, 58, 46, 65, 73, 124, 17, 90, 48, 21, 39, 53, 46, 95, 115, 54, 28, 45, 73, 55, 102, 139, 34, 78, 148
9, 46, 53, 60, 52, 136, 112, 72, 41, 59, 70, 141, 106, 22, 56, 64, 77, 88, 61, 39, 164, 73, 50, 49, 76, 65, 55, 115, 133, 53, 58, 141, 64, 86, 65, 135, 68, 50, 143, 144, 87, 0, 48, 82, 26, 94, 54, 71, 59, 173, 30, 49, 69, 73, 66, 36, 178, 60, 49, 58, 96, 129, 57, 69, 65, 43, 64, 61, 66, 133, 46, 54, 128, 132, 98, 27, 66, 89, 137, 34, 118, 97, 143, 147, 91, 55, 103, 88, 129, 163, 60, 39, 67, 117, 65, 64, 79, 92, 67, 78, 136, 61, 146, 42, 59, 85, 152, 82, 93, 102, 117, 75, 104, 60, 38, 71, 56, 54, 43, 97, 62, 22, 52, 17, 54, 57, 163, 63
43, 10, 13, 12, 4, 88, 64, 24, 9, 21, 108, 103, 68, 32, 54, 16, 115, 40, 13, 9, 116, 25, 12, 97, 54, 103, 17, 77, 85, 43, 10, 93, 18, 38, 17, 87, 20, 18, 105, 96, 49, 48, 0, 42, 34, 56, 6, 23, 11, 125, 18, 3, 21, 25, 18, 42, 130, 12, 43, 20, 58, 91, 9, 23, 17, 75, 16, 23, 22, 85, 48, 6, 90, 84, 60, 39, 18, 51, 89, 82, 70, 53, 95, 99, 53, 7, 55, 40, 81, 115, 12, 87, 19, 69, 17, 16, 31, 46, 29, 30, 98, 13, 108, 60, 11, 37, 114, 34, 75, 54, 69, 27, 66, 12, 10, 23, 46, 66, 5, 59, 14, 26, 6, 65, 102, 19, 115, 99
77, 36, 55, 32, 46, 72, 30, 38, 41, 63, 66, 145, 110, 60, 26, 42, 73, 56, 49, 43, 82, 33, 32, 131, 88, 61, 59, 119, 79, 77, 44, 59, 24, 14, 35, 65, 38, 32, 147, 62, 91, 82, 42, 0, 68, 98, 44, 51, 45, 91, 52, 39, 41, 31, 52, 76, 96, 42, 33, 24, 100, 133, 43, 19, 25, 109, 48, 65, 20, 65, 36, 36, 132, 50, 102, 55, 44, 93, 55, 116, 70, 15, 61, 65, 95, 37, 55, 76, 71, 81, 30, 121, 51, 35, 51, 38, 31, 10, 71, 34, 140, 37, 150, 40, 33, 45, 156, 18, 33, 80, 35, 43, 108, 52, 44, 45, 26, 28, 39, 101, 46, 60, 36, 99, 136, 61, 81, 57
17, 32, 39, 46, 38, 122, 98, 58, 27, 45, 96, 115, 80, 20, 42, 50, 103, 74, 47, 25, 150, 59, 36, 63, 50, 91, 37, 89, 119, 27, 44, 127, 50, 72, 51, 121, 54, 36, 117, 130, 71, 26, 34, 68, 0, 68, 40, 57, 45, 159, 16, 35, 55, 59, 52, 10, 164, 46, 35, 44, 70, 103, 43, 55, 51, 41, 50, 35, 52, 119, 36, 40, 102, 118, 72, 27, 52, 63, 123, 48, 104, 83, 129, 133, 73, 41, 89, 74, 115, 149, 46, 53, 53, 103, 51, 50, 65, 78, 41, 64, 110, 47, 120, 48, 45, 71, 126, 68, 79, 88, 103, 61, 78, 46, 24, 57, 42, 54, 29, 71, 48, 12, 38, 31, 68, 37, 149, 87
85, 66, 43, 66, 52, 94, 92, 60, 65, 35, 164, 47, 34, 88, 110, 56, 171, 46, 49, 59, 122, 65, 68, 91, 48, 159, 39, 41, 91, 41, 54, 99, 74, 84, 63, 93, 60, 74, 49, 102, 43, 94, 56, 98, 68, 0, 54, 47, 53, 131, 66, 59, 57, 67, 46, 58, 136, 56, 99, 76, 28, 35, 55, 79, 73, 69, 50, 33, 78, 91, 104, 62, 34, 90, 30, 95, 54, 35, 95, 82, 76, 109, 101, 105, 45, 61, 61, 46, 87, 121, 68, 81, 47, 93, 47, 60, 67, 102, 27, 64, 42, 61, 52, 116, 65, 53, 58, 80, 131, 60, 97, 55, 22, 46, 60, 53, 102, 122, 61, 15, 52, 80, 62, 83, 96, 37, 121, 155
49, 12, 11, 12, 2, 82, 58, 18, 13, 19, 110, 101, 66, 34, 56, 10, 117, 34, 7, 15, 110, 19, 14, 103, 60, 105, 15, 75, 79, 49, 4, 87, 20, 32, 11, 81, 14, 20, 103, 90, 47, 54, 6, 44, 40, 54, 0, 17, 5, 119, 24, 5, 15, 19, 12, 48, 124, 6, 45, 22, 56, 89, 3, 25, 19, 81, 10, 21, 24, 79, 50, 8, 88, 78, 58, 41, 12, 49, 83, 88, 64, 55, 89, 93, 51, 7, 49, 34, 75, 109, 14, 93, 13, 63, 11, 10, 25, 48, 33, 24, 96, 7, 106, 62, 11, 31, 112, 28, 77, 48, 63, 21, 64, 8, 16, 17, 48, 68, 11, 57, 8, 32, 8, 71, 108, 17, 109, 101
66, 25, 18, 19, 19, 65, 45, 13, 30, 12, 117, 94, 63, 49, 63, 9, 124, 17, 10, 32, 93, 18, 21, 120, 77, 112, 20, 68, 62, 66, 13, 70, 27, 37, 16, 64, 13, 27, 96, 73, 40, 71, 23, 51, 57, 47, 17, 0, 12, 102, 41, 22, 10, 20, 5, 65, 107, 11, 52, 29, 57, 82, 14, 32, 26, 98, 7, 24, 31, 62, 57, 17, 81, 61, 59, 48, 7, 42, 66, 105, 47, 62, 72, 76, 44, 16, 32, 25, 58, 92, 21, 110, 4, 46, 6, 13, 20, 55, 50, 17, 89, 14, 99, 69, 18, 14, 105, 33, 84, 31, 50, 8, 57, 11, 33, 6, 55, 75, 28, 50, 9, 49, 19, 88, 125, 20, 92, 108
54, 13, 10, 13, 7, 77, 53, 13, 18, 18, 111, 100, 65, 37, 57, 5, 118, 29, 4, 20, 105, 14, 15, 108, 65, 106, 14, 74, 74, 54, 1, 82, 21, 31, 10, 76, 9, 21, 102, 85, 46, 59, 11, 45, 45, 53, 5, 12, 0, 114, 29, 10, 10, 14, 7, 53, 119, 3, 46, 23, 55, 88, 2, 26, 20, 86, 5, 20, 25, 74, 51, 9, 87, 73, 57, 42, 7, 48, 78, 93, 59, 56, 84, 88, 50, 8, 44, 31, 70, 104, 15, 98, 8, 58, 6, 7, 20, 49, 38, 19, 95, 8, 105, 63, 12, 26, 111, 27, 78, 43, 58, 16, 63, 7, 21, 12, 49, 69, 16, 56, 3, 37, 9, 76, 113, 16, 104, 102
168, 127, 120, 113, 121, 37, 61, 101, 132, 114, 113, 116, 165, 151, 117, 109, 120, 85, 112, 134, 9, 100, 123, 222, 179, 126, 122, 90, 40, 168, 115, 32, 109, 87, 108, 38, 105, 123, 120, 33, 88, 173, 125, 91, 159, 131, 119, 102, 114, 0, 143, 124, 104, 100, 107, 167, 5, 113, 124, 115, 159, 146, 116, 104, 108, 200, 109, 126, 107, 40, 127, 119, 115, 41, 161, 146, 107, 96, 36, 207, 55, 76, 50, 26, 86, 118, 70, 85, 44, 10, 113, 212, 106, 56, 108, 109, 94, 81, 152, 95, 93, 112, 127, 131, 114, 88, 121, 91, 80, 71, 56, 98, 109, 113, 135, 102, 117, 119, 130, 116, 111, 151, 121, 190, 227, 122, 10, 110
25, 16, 23, 30, 22, 106, 82, 42, 11, 31, 98, 113, 78, 22, 44, 34, 105, 58, 31, 9, 134, 43, 20, 79, 48, 93, 27, 87, 103, 25, 28, 111, 34, 56, 35, 105, 38, 20, 115, 114, 59, 30, 18, 52, 16, 66, 24, 41, 29, 143, 0, 19, 39, 43, 36, 24, 148, 30, 33, 28, 68, 101, 27, 39, 35, 57, 34, 33, 36, 103, 38, 24, 100, 102, 70, 29, 36, 61, 107, 64, 88, 67, 113, 117, 63, 25, 73, 58, 99, 133, 30, 69, 37, 87, 35, 34, 49, 62, 39, 48, 108, 31, 118, 50, 29, 55, 124, 52, 65, 72, 87, 45, 76, 30, 8, 41, 36, 56, 13, 69, 32, 14, 22, 47, 84, 29, 133, 89
44, 7, 16, 11, 7, 87, 63, 23, 8, 24, 105, 106, 71, 29, 51, 15, 112, 39, 12, 10, 115, 24, 9, 98, 55, 100, 20, 80, 84, 44, 9, 92, 15, 37, 16, 86, 19, 15, 108, 95, 52, 49, 3, 39, 35, 59, 5, 22, 10, 124, 19, 0, 20, 24, 17, 43, 129, 11, 40, 17, 61, 94, 8, 20, 16, 76, 15, 26, 19, 84, 45, 5, 93, 83, 63, 36, 17, 54, 88, 83, 69, 50, 94, 98, 56, 6, 54, 39, 80, 114, 11, 88, 18, 68, 16, 15, 30, 43, 32, 29, 101, 12, 111, 57, 10, 36, 117, 33, 72, 53, 68, 26, 69, 13, 11, 22, 43, 63, 6, 62, 13, 27, 3, 66, 103, 22, 114, 96
64, 23, 16, 9, 17, 67, 43, 3, 28, 22, 107, 104, 69, 47, 53, 5, 114, 19, 8, 30, 95, 8, 19, 118, 75, 102, 18, 78, 64, 64, 11, 72, 17, 27, 6, 66, 3, 19, 106, 75, 50, 69, 21, 41, 55, 57, 15, 10, 10, 104, 39, 20, 0, 10, 11, 63, 109, 9, 42, 19, 59, 92, 12, 22, 16, 96, 7, 24, 21, 64, 47, 15, 91, 63, 61, 42, 3, 52, 68, 103, 49, 52, 74, 78, 54, 14, 34, 35, 60, 94, 11, 108, 10, 48, 10, 5, 10, 45, 48, 9, 99, 8, 109, 59, 10, 16, 115, 23, 74, 39, 48, 6, 67, 11, 31, 4, 45, 65, 26, 60, 7, 47, 17, 86, 123, 20, 94, 98
68, 27, 24, 13, 21, 63, 39, 7, 32, 32, 97, 114, 79, 51, 43, 11, 104, 25, 18, 34, 91, 2, 23, 122, 79, 92, 28, 88, 60, 68, 15, 68, 9, 17, 8, 62, 7, 23, 116, 71, 60, 73, 25, 31, 59, 67, 19, 20, 14, 100, 43, 24, 10, 0, 21, 67, 105, 13, 32, 15, 69, 102, 16, 12, 8, 100, 17, 34, 11, 60, 37, 19, 101, 59, 71, 46, 13, 62, 64, 107, 45, 42, 70, 74, 64, 18, 30, 45, 56, 90, 13, 112, 20, 44, 20, 9, 6, 35, 52, 5, 109, 12, 119, 49, 14, 14, 125, 13, 64, 49, 44, 12, 77, 21, 35, 14, 35, 55, 30, 70, 15, 51, 21, 90, 127, 30, 90, 88
61, 20, 13, 20, 14, 70, 46, 14, 25, 11, 118, 93, 58, 44, 64, 10, 125, 22, 5, 27, 98, 19, 22, 115, 72, 113, 15, 67, 67, 61, 8, 75, 28, 38, 17, 69, 14, 28, 95, 78, 39, 66, 18, 52, 52, 46, 12, 5, 7, 107, 36, 17, 11, 21, 0, 60, 112, 10, 53, 30, 52, 81, 9, 33, 27, 93, 4, 19, 32, 67, 58, 16, 80, 66, 54, 49, 8, 41, 71, 100, 52, 63, 77, 81, 43, 15, 37, 24, 63, 97, 22, 105, 1, 51, 1, 14, 21, 56, 45, 18, 88, 15, 98, 70, 19, 19, 104, 34, 85, 36, 51, 9, 56, 6, 28, 7, 56, 76, 23, 49, 6, 44, 16, 83, 120, 15, 97, 109
27, 40, 47, 54, 46, 130, 106, 66, 35, 53, 106, 105, 70, 30, 52, 58, 113, 82, 55, 33, 158, 67, 44, 55, 40, 101, 45, 79, 127, 17, 52, 135, 58, 80, 59, 129, 62, 44, 107, 138, 79, 36, 42, 76, 10, 58, 48, 65, 53, 167, 24, 43, 63, 67, 60, 0, 172, 54, 43, 52, 60, 93, 51, 63, 59, 33, 58, 41, 60, 127, 46, 48, 92, 126, 62, 37, 60, 71, 131, 40, 112, 91, 137, 141, 81, 49, 97, 82, 123, 157, 54, 45, 61, 111, 59, 58, 73, 86, 31, 72, 100, 55, 110, 58, 53, 79, 116, 76, 87, 96, 111, 69, 68, 54, 32, 65, 50, 64, 37, 61, 56, 22, 46, 25, 60, 45, 157, 97
173, 132, 125, 118, 126, 42, 66, 106, 137, 119, 114, 121, 170, 156, 122, 114, 121, 90, 117, 139, 14, 105, 128, 227, 184, 131, 127, 95, 45, 173, 120, 37, 114, 92, 113, 43, 110, 128, 125, 34, 93, 178, 130, 96, 164, 136, 124, 107, 119, 5, 148, 129, 109, 105, 112, 172, 0, 118, 129, 120, 164, 151, 121, 109, 113, 205, 114, 131, 112, 45, 132, 124, 120, 46, 166, 151, 112, 101, 41, 212, 60, 81, 51, 31, 91, 123, 75, 90, 49, 15, 118, 217, 111, 61, 113, 114, 99, 86, 157, 100, 98, 117, 132, 136, 119, 93, 126, 96, 85, 76, 61, 103, 114, 118, 140, 107, 122, 124, 135, 121, 116, 156, 126, 195, 232, 127, 15, 115
55, 14, 13, 10, 8, 76, 52, 12, 19, 21, 108, 103, 68, 38, 54, 4, 115, 28, 7, 21, 104, 13, 12, 109, 66, 103, 17, 77, 73, 55, 2, 81, 18, 28, 7, 75, 8, 18, 105, 84, 49, 60, 12, 42, 46, 56, 6, 11, 3, 113, 30, 11, 9, 13, 10, 54, 118, 0, 43, 20, 58, 91, 3, 23, 17, 87, 6, 23, 22, 73, 48, 6, 90, 72, 60, 39, 6, 51, 77, 94, 58, 53, 83, 87, 53, 5, 43, 34, 69, 103, 12, 99, 9, 57, 9, 4, 19, 46, 39, 18, 98, 5, 108, 60, 9, 25, 114, 24, 75, 42, 57, 15, 66, 10, 22, 11, 46, 66, 17, 59, 4, 38, 8, 77, 114, 19, 103, 99
44, 33, 56, 33, 47, 87, 63, 39, 34, 64, 65, 146, 111, 27, 11, 43, 72, 57, 50, 40, 115, 34, 31, 98, 81, 60, 60, 120, 84, 58, 45, 92, 25, 37, 36, 86, 39, 25, 148, 95, 92, 49, 43, 33, 35, 99, 45, 52, 46, 124, 33, 40, 42, 32, 53, 43, 129, 43, 0, 23, 101, 134, 44, 20, 26, 76, 49, 66, 21, 84, 5, 37, 133, 83, 103, 22, 45, 94, 88, 83, 71, 48, 94, 98, 96, 38, 56, 77, 80, 114, 31, 88, 52, 68, 52, 39, 32, 43, 72, 35, 141, 38, 151, 17, 34, 46, 157, 33, 44, 81, 68, 44, 109, 53, 39, 46, 7, 23, 38, 102, 47, 27, 37, 66, 103, 62, 114, 56
53, 12, 33, 10, 24, 78, 54, 16, 17, 41, 88, 123, 88, 36, 34, 20, 95, 34, 27, 19, 106, 15, 8, 107, 64, 83, 37, 97, 75, 53, 22, 83, 6, 28, 13, 77, 16, 8, 125, 86, 69, 58, 20, 24, 44, 76, 22, 29, 23, 115, 28, 17, 19, 15, 30, 52, 120, 20, 23, 0, 78, 111, 21, 11, 7, 85, 26, 43, 8, 75, 28, 14, 110, 74, 80, 31, 22, 71, 79, 92, 60, 39, 85, 89, 73, 15, 45, 54, 71, 105, 8, 97, 29, 59, 29, 16, 21, 34, 49, 20, 118, 15, 128, 40, 11, 27, 134, 24, 55, 58, 59, 21, 86, 30, 20, 23, 26, 46, 15, 79, 24, 36, 14, 75, 112, 39, 105, 79
87, 68, 45, 68, 54, 122, 98, 62, 67, 45, 166, 45, 10, 90, 112, 58, 173, 74, 51, 61, 150, 67, 70, 71, 20, 161, 41, 69, 119, 43, 56, 127, 76, 86, 65, 121, 62, 76, 47, 130, 71, 96, 58, 100, 70, 28, 56, 57, 55, 159, 68, 61, 59, 69, 52, 60, 164, 58, 101, 78, 0, 33, 57, 81, 75, 53, 52, 35, 80, 119, 106, 64, 44, 118, 2, 97, 56, 63, 123, 84, 104, 111, 129, 133, 73, 63, 89, 74, 115, 149, 70, 65, 53, 103, 51, 62, 69, 104, 29, 66, 66, 63, 50, 118, 67, 71, 56, 82, 133, 88, 103, 61, 50, 48, 62, 57, 104, 124, 63, 43, 54, 82, 64, 85, 70, 39, 149, 157
120, 101, 78, 101, 87, 109, 127, 95, 100, 70, 199, 30, 23, 123, 145, 91, 206, 77, 84, 94, 137, 100, 103, 104, 53, 194, 74, 56, 106, 76, 89, 114, 109, 119, 98, 108, 95, 109, 26, 119, 58, 129, 91, 133, 103, 35, 89, 82, 88, 146, 101, 94, 92, 102, 81, 93, 151, 91, 134, 111, 33, 0, 90, 114, 108, 86, 85, 68, 113, 106, 139, 97, 31, 105, 31, 130, 89, 50, 114, 117, 91, 144, 136, 120, 60, 96, 78, 61, 102, 136, 103, 98, 82, 128, 82, 95, 102, 137, 62, 99, 53, 96, 19, 151, 100, 88, 25, 115, 166, 75, 132, 90, 37, 81, 95, 88, 137, 157, 96, 32, 87, 115, 97, 118, 103, 72, 136, 190
52, 11, 12, 11, 5, 79, 55, 15, 16, 20, 109, 102, 67, 35, 55, 7, 116, 31, 6, 18, 107, 16, 13, 106, 63, 104, 16, 76, 76, 52, 1, 84, 19, 29, 8, 78, 11, 19, 104, 87, 48, 57, 9, 43, 43, 55, 3, 14, 2, 116, 27, 8, 12, 16, 9, 51, 121, 3, 44, 21, 57, 90, 0, 24, 18, 84, 7, 22, 23, 76, 49, 7, 89, 75, 59, 40, 9, 50, 80, 91, 61, 54, 86, 90, 52, 6, 46, 33, 72, 106, 13, 96, 10, 60, 8, 7, 22, 47, 36, 21, 97, 6, 107, 61, 10, 28, 113, 25, 76, 45, 60, 18, 65, 9, 19, 14, 47, 67, 14, 58, 5, 35, 7, 74, 111, 18, 106, 100
64, 23, 36, 13, 27, 67, 43, 19, 28, 44, 85, 126, 91, 47, 31, 23, 92, 37, 30, 30, 95, 14, 19, 118, 75, 80, 40, 100, 64, 64, 25, 72, 5, 17, 16, 66, 19, 19, 128, 75, 72, 69, 23, 19, 55, 79, 25, 32, 26, 104, 39, 20, 22, 12, 33, 63, 109, 23, 20, 11, 81, 114, 24, 0, 6, 96, 29, 46, 3, 64, 25, 17, 113, 63, 83, 42, 25, 74, 68, 103, 51, 30, 74, 78, 76, 18, 36, 57, 60, 94, 11, 108, 32, 48, 32, 19, 12, 23, 52, 15, 121, 18, 131, 37, 14, 26, 137, 13, 52, 61, 48, 24, 89, 33, 31, 26, 23, 43, 26, 82, 27, 47, 17, 86, 123, 42, 94, 76
60, 19, 30, 7, 21, 71, 47, 13, 24, 38, 91, 120, 85, 43, 37, 17, 98, 31, 24, 26, 99, 8, 15, 114, 71, 86, 34, 94, 68, 60, 19, 76, 1, 21, 10, 70, 13, 15, 122, 79, 66, 65, 17, 25, 51, 73, 19, 26, 20, 108, 35, 16, 16, 8, 27, 59, 113, 17, 26, 7, 75, 108, 18, 6, 0, 92, 23, 40, 5, 68, 31, 11, 107, 67, 77, 38, 19, 68, 72, 99, 53, 36, 78, 82, 70, 12, 38, 51, 64, 98, 5, 104, 26, 52, 26, 13, 14, 29, 46, 13, 115, 12, 125, 43, 8, 20, 131, 17, 58, 55, 52, 18, 83, 27, 27, 20, 29, 49, 22, 76, 21, 43, 13, 82, 119, 36, 98, 82
34, 73, 80, 87, 79, 163, 139, 99, 68, 86, 113, 98, 63, 49, 83, 91, 120, 115, 88, 66, 191, 100, 77, 22, 33, 108, 78, 110, 160, 32, 85, 168, 91, 113, 92, 162, 95, 77, 100, 171, 112, 43, 75, 109, 41, 69, 81, 98, 86, 200, 57, 76, 96, 100, 93, 33, 205, 87, 76, 85, 53, 86, 84, 96, 92, 0, 91, 74, 93, 160, 73, 81, 85, 159, 55, 54, 93, 104, 164, 31, 145, 124, 170, 174, 114, 82, 130, 115, 156, 190, 87, 12, 94, 144, 92, 91, 106, 119, 48, 105, 107, 88, 103, 69, 86, 112, 109, 109, 120, 129, 144, 102, 91, 87, 65, 98, 83, 81, 70, 84, 89, 49, 79, 32, 27, 78, 190, 104
59, 18, 11, 16, 12, 72, 48, 10, 23, 15, 114, 97, 62, 42, 60, 6, 121, 24, 3, 25, 100, 15, 18, 113, 70, 109, 13, 71, 69, 59, 6, 77, 24, 34, 13, 71, 10, 24, 99, 80, 43, 64, 16, 48, 50, 50, 10, 7, 5, 109, 34, 15, 7, 17, 4, 58, 114, 6, 49, 26, 52, 85, 7, 29, 23, 91, 0, 17, 28, 69, 54, 12, 84, 68, 54, 45, 4, 45, 73, 98, 54, 59, 79, 83, 47, 11, 39, 28, 65, 99, 18, 103, 3, 53, 3, 10, 17, 52, 43, 14, 92, 11, 102, 66, 15, 21, 108, 30, 81, 38, 53, 11, 60, 4, 26, 7, 52, 72, 21, 53, 2, 42, 12, 81, 118, 13, 99, 105
52, 33, 10, 33, 19, 89, 65, 27, 32, 12, 131, 80, 45, 55, 77, 23, 138, 41, 16, 26, 117, 32, 35, 96, 53, 126, 6, 54, 86, 42, 21, 94, 41, 51, 30, 88, 27, 41, 82, 97, 38, 61, 23, 65, 35, 33, 21, 24, 20, 126, 33, 26, 24, 34, 19, 41, 131, 23, 66, 43, 35, 68, 22, 46, 40, 74, 17, 0, 45, 86, 71, 29, 67, 85, 37, 62, 21, 30, 90, 81, 71, 76, 96, 100, 40, 28, 56, 41, 82, 116, 35, 86, 20, 70, 18, 27, 34, 69, 26, 31, 75, 28, 85, 83, 32, 38, 91, 47, 98, 55, 70, 28, 43, 13, 27, 24, 69, 89, 28, 36, 19, 47, 29, 64, 101, 4, 116, 122
61, 20, 35, 12, 26, 70, 46, 18, 25, 43, 86, 125, 90, 44, 32, 22, 93, 36, 29, 27, 98, 13, 16, 115, 72, 81, 39, 99, 67, 61, 24, 75, 4, 20, 15, 69, 18, 16, 127, 78, 71, 66, 22, 20, 52, 78, 24, 31, 25, 107, 36, 19, 21, 11, 32, 60, 112, 22, 21, 8, 80, 113, 23, 3, 5, 93, 28, 45, 0, 67, 26, 16, 112, 66, 82, 39, 24, 73, 71, 100, 52, 31, 77, 81, 75, 17, 37, 56, 63, 97, 10, 105, 31, 51, 31, 18, 13, 26, 51, 14, 120, 17, 130, 38, 13, 25, 136, 16, 53, 60, 51, 23, 88, 32, 28, 25, 24, 44, 23, 81, 26, 44, 16, 83, 120, 41, 97, 77
128, 87, 80, 73, 81, 7, 59, 61, 92, 74, 131, 80, 125, 111, 77, 69, 138, 45, 72, 94, 31, 60, 83, 182, 139, 126, 82, 54, 14, 128, 75, 8, 69, 51, 68, 2, 65, 83, 82, 51, 48, 133, 85, 65, 119, 91, 79, 62, 74, 40, 103, 84, 64, 60, 67, 127, 45, 73, 84, 75, 119, 106, 76, 64, 68, 160, 69, 86, 67, 0, 87, 79, 75, 27, 121, 106, 67, 56, 46, 167, 15, 76, 68, 28, 46, 78, 30, 45, 6, 30, 73, 172, 66, 60, 68, 69, 54, 69, 112, 55, 75, 72, 87, 91, 74, 48, 91, 51, 98, 31, 64, 58, 69, 73, 95, 62, 77, 89, 90, 76, 71, 111, 81, 150, 187, 82, 30, 122
41, 38, 61, 38, 52, 90, 66, 44, 39, 69, 60, 151, 116, 24, 10, 48, 67, 62, 55, 45, 118, 39, 36, 95, 86, 55, 65, 125, 87, 63, 50, 95, 30, 40, 41, 89, 44, 30, 153, 98, 97, 46, 48, 36, 36, 104, 50, 57, 51, 127, 38, 45, 47, 37, 58, 46, 132, 48, 5, 28, 106, 139, 49, 25, 31, 73, 54, 71, 26, 87, 0, 42, 138, 86, 108, 19, 50, 99, 91, 80, 76, 51, 97, 101, 101, 43, 61, 82, 83, 117, 36, 85, 57, 71, 57, 44, 37, 46, 77, 40, 146, 43, 156, 12, 39, 51, 162, 36, 47, 86, 71, 49, 114, 58, 44, 51, 10, 18, 43, 107, 52, 24, 42, 63, 100, 67, 117, 51
49, 8, 19, 6, 10, 82, 58, 18, 13, 27, 102, 109, 74, 32, 48, 10, 109, 34, 13, 15, 110, 19, 6, 103, 60, 97, 23, 83, 79, 49, 8, 87, 12, 32, 11, 81, 14, 12, 111, 90, 55, 54, 6, 36, 40, 62, 8, 17, 9, 119, 24, 5, 15, 19, 16, 48, 124, 6, 37, 14, 64, 97, 7, 17, 11, 81, 12, 29, 16, 79, 42, 0, 96, 78, 66, 33, 12, 57, 83, 88, 64, 47, 89, 93, 59, 1, 49, 40, 75, 109, 6, 93, 15, 63, 15, 10, 25, 40, 35, 24, 104, 7, 114, 54, 5, 31, 120, 28, 69, 48, 63, 21, 72, 16, 16, 17, 40, 60, 11, 65, 10, 32, 2, 71, 108, 25, 109, 93
119, 100, 77, 100, 86, 78, 126, 94, 99, 69, 198, 13, 50, 122, 144, 90, 205, 76, 83, 93, 106, 99, 102, 107, 64, 193, 73, 25, 75, 75, 88, 83, 108, 118, 97, 77, 94, 108, 15, 118, 41, 128, 90, 132, 102, 34, 88, 81, 87, 115, 100, 93, 91, 101, 80, 92, 120, 90, 133, 110, 44, 31, 89, 113, 107, 85, 84, 67, 112, 75, 138, 96, 0, 94, 46, 129, 88, 39, 113, 116, 62, 143, 135, 95, 37, 95, 77, 56, 71, 105, 102, 97, 81, 127, 81, 94, 101, 136, 61, 98, 22, 95, 18, 150, 99, 87, 24, 114, 165, 52, 131, 89, 24, 80, 94, 87, 136, 156, 95, 31, 86, 114, 96, 117, 112, 71, 105, 189
127, 86, 79, 72, 80, 34, 32, 60, 91, 73, 104, 107, 124, 110, 76, 68, 111, 44, 71, 93, 32, 59, 82, 181, 138, 99, 81, 81, 41, 127, 74, 19, 68, 46, 67, 27, 64, 82, 109, 24, 53, 132, 84, 50, 118, 90, 78, 61, 73, 41, 102, 83, 63, 59, 66, 126, 46, 72, 83, 74, 118, 105, 75, 63, 67, 159, 68, 85, 66, 27, 86, 78, 94, 0, 120, 105, 66, 55, 19, 166, 32, 49, 41, 15, 57, 77, 29, 44, 33, 31, 72, 171, 65, 33, 67, 68, 53, 42, 111, 54, 102, 71, 112, 90, 73, 47, 118, 50, 71, 42, 37, 57, 70, 72, 94, 61, 76, 78, 89, 75, 70, 110, 80, 149, 186, 81, 31, 95
89, 70, 47, 70, 56, 124, 100, 64, 69, 47, 168, 45, 8, 92, 114, 60, 175, 76, 53, 63, 152, 69, 72, 73, 22, 163, 43, 71, 121, 45, 58, 129, 78, 88, 67, 123, 64, 78, 45, 132, 73, 98, 60, 102, 72, 30, 58, 59, 57, 161, 70, 63, 61, 71, 54, 62, 166, 60, 103, 80, 2, 31, 59, 83, 77, 55, 54, 37, 82, 121, 108, 66, 46, 120, 0, 99, 58, 65, 125, 86, 106, 113, 131, 135, 75, 65, 91, 76, 117, 151, 72, 67, 55, 105, 53, 64, 71, 106, 31, 68, 68, 65, 48, 120, 69, 73, 54, 84, 135, 90, 105, 63, 52, 50, 64, 59, 106, 126, 65, 45, 56, 84, 66, 87, 72, 41, 151, 159
22, 29, 52, 33, 43, 109, 85, 45, 30, 60, 69, 142, 107, 7, 29, 39, 76, 61, 46, 36, 137, 46, 27, 76, 77, 64, 56, 116, 106, 54, 41, 114, 37, 59, 38, 108, 41, 23, 144, 117, 88, 27, 39, 55, 27, 95, 41, 48, 42, 146, 29, 36, 42, 46, 49, 37, 151, 39, 22, 31, 97, 130, 40, 42, 38, 54, 45, 62, 39, 106, 19, 33, 129, 105, 99, 0, 41, 90, 110, 61, 91, 70, 116, 120, 92, 34, 76, 73, 102, 136, 33, 66, 48, 90, 48, 37, 52, 65, 68, 51, 137, 34, 147, 21, 32, 58, 153, 55, 66, 77, 90, 48, 105, 49, 35, 44, 29, 27, 34, 98, 43, 15, 33, 44, 81, 58, 136, 60
61, 20, 13, 12, 14, 70, 46, 6, 25, 19, 110, 101, 66, 44, 56, 2, 117, 22, 5, 27, 98, 11, 16, 115, 72, 105, 15, 75, 67, 61, 8, 75, 20, 30, 9, 69, 6, 20, 103, 78, 47, 66, 18, 44, 52, 54, 12, 7, 7, 107, 36, 17, 3, 13, 8, 60, 112, 6, 45, 22, 56, 89, 9, 25, 19, 93, 4, 21, 24, 67, 50, 12, 88, 66, 58, 41, 0, 49, 71, 100, 52, 55, 77, 81, 51, 11, 37, 32, 63, 97, 14, 105, 7, 51, 7, 6, 13, 48, 45, 12, 96, 7, 106, 62, 11, 19, 112, 26, 77, 36, 51, 9, 64, 8, 28, 5, 48, 68, 23, 57, 4, 44, 14, 83, 120, 17, 97, 101
80, 61, 38, 61, 47, 59, 87, 55, 60, 30, 159, 52, 69, 83, 105, 51, 166, 37, 44, 54, 87, 60, 63, 126, 83, 154, 34, 26, 56, 72, 49, 64, 69, 79, 58, 58, 55, 69, 54, 79, 8, 89, 51, 93, 63, 35, 49, 42, 48, 96, 61, 54, 52, 62, 41, 71, 101, 51, 94, 71, 63, 50, 50, 74, 68, 104, 45, 30, 73, 56, 99, 57, 39, 55, 65, 90, 49, 0, 74, 111, 41, 104, 96, 70, 10, 56, 38, 17, 52, 86, 63, 116, 42, 88, 42, 55, 62, 97, 56, 59, 47, 56, 57, 111, 60, 48, 63, 75, 126, 25, 92, 50, 15, 41, 55, 48, 97, 117, 56, 20, 47, 75, 57, 94, 131, 32, 86, 150
132, 91, 84, 77, 85, 53, 25, 65, 96, 78, 85, 126, 129, 115, 81, 73, 92, 49, 76, 98, 27, 64, 87, 186, 143, 90, 86, 100, 60, 132, 79, 38, 73, 51, 72, 46, 69, 87, 128, 7, 72, 137, 89, 55, 123, 95, 83, 66, 78, 36, 107, 88, 68, 64, 71, 131, 41, 77, 88, 79, 123, 114, 80, 68, 72, 164, 73, 90, 71, 46, 91, 83, 113, 19, 125, 110, 71, 74, 0, 171, 51, 40, 22, 18, 76, 82, 36, 57, 52, 26, 77, 176, 70, 20, 72, 73, 58, 45, 116, 59, 121, 76, 131, 95, 78, 52, 137, 55, 52, 61, 20, 62, 89, 77, 99, 66, 81, 83, 94, 82, 75, 115, 85, 154, 191, 86, 26, 76
39, 80, 87, 94, 86, 170, 146, 106, 75, 93, 98, 129, 94, 56, 90, 98, 99, 122, 95, 73, 198, 107, 84, 15, 64, 81, 85, 117, 167, 41, 92, 175, 98, 120, 99, 169, 102, 84, 131, 178, 119, 34, 82, 116, 48, 82, 88, 105, 93, 207, 64, 83, 103, 107, 100, 40, 212, 94, 83, 92, 84, 117, 91, 103, 99, 31, 98, 81, 100, 167, 80, 88, 116, 166, 86, 61, 100, 111, 171, 0, 152, 131, 177, 181, 121, 89, 137, 122, 163, 197, 94, 19, 101, 151, 99, 98, 113, 126, 55, 112, 124, 95, 134, 76, 93, 119, 140, 116, 127, 136, 151, 109, 98, 94, 72, 105, 90, 88, 77, 91, 96, 56, 86, 17, 20, 85, 197, 97
113, 72, 65, 58, 66, 18, 64, 46, 77, 59, 136, 75, 110, 96, 82, 54, 143, 30, 57, 79, 46, 45, 68, 167, 124, 131, 67, 49, 15, 113, 60, 23, 54, 56, 53, 17, 50, 68, 77, 56, 33, 118, 70, 70, 104, 76, 64, 47, 59, 55, 88, 69, 49, 45, 52, 112, 60, 58, 71, 60, 104, 91, 61, 51, 53, 145, 54, 71, 52, 15, 76, 64, 62, 32, 106, 91, 52, 41, 51, 152, 0, 81, 73, 33, 31, 63, 15, 30, 11, 45, 58, 157, 51, 65, 53, 54, 39, 74, 97, 40, 70, 57, 80, 88, 59, 33, 86, 52, 103, 16, 69, 43, 54, 58, 80, 47, 74, 94, 75, 61, 56, 96, 66, 135, 172, 67, 45, 127
92, 51, 66, 43, 57, 83, 17, 49, 56, 74, 55, 156, 121, 75, 41, 53, 62, 67, 60, 58, 67, 44, 47, 146, 103, 50, 70, 130, 90, 92, 55, 68, 35, 25, 46, 76, 49, 47, 158, 47, 102, 97, 53, 15, 83, 109, 55, 62, 56, 76, 67, 50, 52, 42, 63, 91, 81, 53, 48, 39, 111, 144, 54, 30, 36, 124, 59, 76, 31, 76, 51, 47, 143, 49, 113, 70, 55, 104, 40, 131, 81, 0, 46, 50, 106, 48, 66, 87, 82, 66, 41, 136, 62, 20, 62, 49, 42, 7, 82, 45, 151, 48, 161, 55, 44, 56, 167, 29, 22, 91, 20, 54, 119, 63, 59, 56, 41, 43, 54, 112, 57, 75, 47, 114, 151, 72, 66, 46
138, 97, 90, 83, 91, 75, 31, 71, 102, 84, 79, 148, 135, 121, 87, 79, 78, 59, 82, 104, 41, 70, 93, 192, 149, 96, 92, 122, 82, 138, 85, 60, 79, 57, 78, 68, 75, 93, 150, 17, 94, 143, 95, 61, 129, 101, 89, 72, 84, 50, 113, 94, 74, 70, 77, 137, 51, 83, 94, 85, 129, 136, 86, 74, 78, 170, 79, 96, 77, 68, 97, 89, 135, 41, 131, 116, 77, 96, 22, 177, 73, 46, 0, 40, 98, 88, 58, 79, 74, 46, 83, 182, 76, 26, 78, 79, 64, 51, 122, 65, 143, 82, 153, 101, 84, 58, 159, 61, 50, 83, 26, 68, 111, 83, 105, 72, 87, 89, 100, 104, 81, 121, 91, 160, 197, 92, 42, 80
142, 101, 94, 87, 95, 35, 35, 75, 106, 88, 103, 108, 139, 125, 91, 83, 110, 59, 86, 108, 17, 74, 97, 196, 153, 100, 96, 82, 42, 142, 89, 20, 83, 61, 82, 28, 79, 97, 110, 23, 62, 147, 99, 65, 133, 105, 93, 76, 88, 26, 117, 98, 78, 74, 81, 141, 31, 87, 98, 89, 133, 120, 90, 78, 82, 174, 83, 100, 81, 28, 101, 93, 95, 15, 135, 120, 81, 70, 18, 181, 33, 50, 40, 0, 60, 92, 44, 59, 34, 16, 87, 186, 80, 32, 82, 83, 68, 55, 126, 69, 103, 86, 113, 105, 88, 62, 119, 65, 70, 45, 36, 72, 83, 87, 109, 76, 91, 93, 104, 90, 85, 125, 95, 164, 201, 96, 16, 94
82, 63, 40, 63, 49, 49, 89, 57, 62, 32, 161, 50, 79, 85, 107, 53, 168, 39, 46, 56, 77, 62, 65, 136, 93, 156, 36, 24, 46, 82, 51, 54, 71, 81, 60, 48, 57, 71, 52, 81, 4, 91, 53, 95, 73, 45, 51, 44, 50, 86, 63, 56, 54, 64, 43, 81, 91, 53, 96, 73, 73, 60, 52, 76, 70, 114, 47, 40, 75, 46, 101, 59, 37, 57, 75, 92, 51, 10, 76, 121, 31, 106, 98, 60, 0, 58, 40, 19, 42, 76, 65, 126, 44, 90, 44, 57, 64, 99, 66, 61, 45, 58, 55, 113, 62, 50, 61, 77, 128, 15, 94, 52, 23, 43, 57, 50, 99, 119, 58, 30, 49, 77, 59, 104, 141, 36, 76, 152
50, 9, 18, 5, 9, 81, 57, 17, 14, 26, 103, 108, 73, 33, 49, 9, 110, 33, 12, 16, 109, 18, 7, 104, 61, 98, 22, 82, 78, 50, 7, 86, 13, 31, 10, 80, 13, 13, 110, 89, 54, 55, 7, 37, 41, 61, 7, 16, 8, 118, 25, 6, 14, 18, 15, 49, 123, 5, 38, 15, 63, 96, 6, 18, 12, 82, 11, 28, 17, 78, 43, 1, 95, 77, 65, 34, 11, 56, 82, 89, 63, 48, 88, 92, 58, 0, 48, 39, 74, 108, 7, 94, 14, 62, 14, 9, 24, 41, 34, 23, 103, 6, 113, 55, 4, 30, 119, 27, 70, 47, 62, 20, 71, 15, 17, 16, 41, 61, 12, 64, 9, 33, 3, 72, 109, 24, 108, 94
98, 57, 50, 43, 51, 33, 49, 31, 62, 44, 121, 90, 95, 81, 67, 39, 128, 15, 42, 64, 61, 30, 53, 152, 109, 116, 52, 64, 30, 98, 45, 38, 39, 41, 38, 32, 35, 53, 92, 41, 36, 103, 55, 55, 89, 61, 49, 32, 44, 70, 73, 54, 34, 30, 37, 97, 75, 43, 56, 45, 89, 78, 46, 36, 38, 130, 39, 56, 37, 30, 61, 49, 77, 29, 91, 76, 37, 38, 36, 137, 15, 66, 58, 44, 40, 48, 0, 21, 26, 60, 43, 142, 36, 50, 38, 39, 24, 59, 82, 25, 85, 42, 95, 73, 44, 18, 101, 37, 88, 25, 54, 28, 53, 43, 65, 32, 59, 79, 60, 46, 41, 81, 51, 120, 157, 52, 60, 112
83, 44, 35, 44, 36, 48, 70, 38, 47, 29, 142, 69, 80, 66, 88, 34, 149, 20, 27, 49, 76, 43, 46, 137, 94, 137, 37, 43, 45, 83, 32, 53, 52, 62, 41, 47, 38, 52, 71, 62, 15, 88, 40, 76, 74, 46, 34, 25, 31, 85, 58, 39, 35, 45, 24, 82, 90, 34, 77, 54, 74, 61, 33, 57, 51, 115, 28, 41, 56, 45, 82, 40, 56, 44, 76, 73, 32, 17, 57, 122, 30, 87, 79, 59, 19, 39, 21, 0, 41, 75, 46, 127, 25, 71, 25, 38, 45, 80, 67, 42, 64, 39, 74, 94, 43, 31, 80, 58, 109, 14, 75, 33, 32, 28, 50, 31, 80, 100, 45, 31, 30, 66, 40, 105, 142, 37, 75, 133
124, 83, 76, 69, 77, 7, 65, 57, 88, 70, 137, 74, 121, 107, 83, 65, 144, 41, 68, 90, 35, 56, 79, 178, 135, 132, 78, 48, 8, 124, 71, 14, 65, 57, 64, 6, 61, 79, 76, 57, 44, 129, 81, 71, 115, 87, 75, 58, 70, 44, 99, 80, 60, 56, 63, 123, 49, 69, 80, 71, 115, 102, 72, 60, 64, 156, 65, 82, 63, 6, 83, 75, 71, 33, 117, 102, 63, 52, 52, 163, 11, 82, 74, 34, 42, 74, 26, 41, 0, 34, 69, 168, 62, 66, 64, 65, 50, 75, 108, 51, 69, 68, 83, 89, 70, 44, 85, 53, 104, 27, 70, 54, 65, 69, 91, 58, 75, 95, 86, 72, 67, 107, 77, 146, 183, 78, 34, 128
158, 117, 110, 103, 111, 29, 51, 91, 122, 104, 109, 106, 155, 141, 107, 99, 116, 75, 102, 124, 5, 90, 113, 212, 169, 116, 112, 80, 36, 158, 105, 22, 99, 77, 98, 28, 95, 113, 110, 29, 78, 163, 115, 81, 149, 121, 109, 92, 104, 10, 133, 114, 94, 90, 97, 157, 15, 103, 114, 105, 149, 136, 106, 94, 98, 190, 99, 116, 97, 30, 117, 109, 105, 31, 151, 136, 97, 86, 26, 197, 45, 66, 46, 16, 76, 108, 60, 75, 34, 0, 103, 202, 96, 46, 98, 99, 84, 71, 142, 85, 97, 102, 117, 121, 104, 78, 113, 81, 76, 61, 46, 88, 99, 103, 125, 92, 107, 109, 120, 106, 101, 141, 111, 180, 217, 112, 4, 100
55, 14, 25, 2, 16, 76, 52, 12, 19, 33, 96, 115, 80, 38, 42, 12, 103, 28, 19, 21, 104, 13, 10, 109, 66, 91, 29, 89, 73, 55, 14, 81, 6, 26, 5, 75, 8, 10, 117, 84, 61, 60, 12, 30, 46, 68, 14, 21, 15, 113, 30, 11, 11, 13, 22, 54, 118, 12, 31, 8, 70, 103, 13, 11, 5, 87, 18, 35, 10, 73, 36, 6, 102, 72, 72, 33, 14, 63, 77, 94, 58, 41, 83, 87, 65, 7, 43, 46, 69, 103, 0, 99, 21, 57, 21, 8, 19, 34, 41, 18, 110, 7, 120, 48, 3, 25, 126, 22, 63, 50, 57, 15, 78, 22, 22, 15, 34, 54, 17, 71, 16, 38, 8, 77, 114, 31, 103, 87
44, 85, 92, 99, 91, 175, 151, 111, 80, 98, 103, 110, 75, 61, 95, 103, 108, 127, 100, 78, 203, 112, 89, 10, 45, 96, 90, 122, 172, 44, 97, 180, 103, 125, 104, 174, 107, 89, 112, 183, 124, 39, 87, 121, 53, 81, 93, 110, 98, 212, 69, 88, 108, 112, 105, 45, 217, 99, 88, 97, 65, 98, 96, 108, 104, 12, 103, 86, 105, 172, 85, 93, 97, 171, 67, 66, 105, 116, 176, 19, 157, 136, 182, 186, 126, 94, 142, 127, 168, 202, 99, 0, 106, 156, 104, 103, 118, 131, 60, 117, 119, 100, 115, 81, 98, 124, 121, 121, 132, 141, 156, 114, 103, 99, 77, 110, 95, 93, 82, 96, 101, 61, 91, 22, 15, 90, 202, 102
62, 21, 14, 19, 15, 69, 45, 13, 26, 12, 117, 94, 59, 45, 63, 9, 124, 21, 6, 28, 97, 18, 21, 116, 73, 112, 16, 68, 66, 62, 9, 74, 27, 37, 16, 68, 13, 27, 96, 77, 40, 67, 19, 51, 53, 47, 13, 4, 8, 106, 37, 18, 10, 20, 1, 61, 111, 9, 52, 29, 53, 82, 10, 32, 26, 94, 3, 20, 31, 66, 57, 15, 81, 65, 55, 48, 7, 42, 70, 101, 51, 62, 76, 80, 44, 14, 36, 25, 62, 96, 21, 106, 0, 50, 2, 13, 20, 55, 46, 17, 89, 14, 99, 69, 18, 18, 105, 33, 84, 35, 50, 8, 57, 7, 29, 6, 55, 75, 24, 50, 5, 45, 15, 84, 121, 16, 96, 108
112, 71, 64, 57, 65, 67, 5, 45, 76, 58, 71, 140, 109, 95, 61, 53, 78, 51, 56, 78, 47, 44, 67, 166, 123, 70, 66, 114, 74, 112, 59, 52, 53, 31, 52, 60, 49, 67, 142, 27, 86, 117, 69, 35, 103, 93, 63, 46, 58, 56, 87, 68, 48, 44, 51, 111, 61, 57, 68, 59, 103, 128, 60, 48, 52, 144, 53, 70, 51, 60, 71, 63, 127, 33, 105, 90, 51, 88, 20, 151, 65, 20, 26, 32, 90, 62, 50, 71, 66, 46, 57, 156, 50, 0, 52, 53, 38, 25, 96, 39, 135, 56, 145, 75, 58, 40, 151, 35, 38, 75, 4, 42, 103, 57, 79, 46, 61, 63, 74, 96, 55, 95, 65, 134, 171, 66, 46, 62
60, 19, 12, 19, 13, 71, 47, 13, 24, 12, 117, 94, 59, 43, 63, 9, 124, 23, 4, 26, 99, 18, 21, 114, 71, 112, 14, 68, 68, 60, 7, 76, 27, 37, 16, 70, 13, 27, 96, 79, 40, 65, 17, 51, 51, 47, 11, 6, 6, 108, 35, 16, 10, 20, 1, 59, 113, 9, 52, 29, 51, 82, 8, 32, 26, 92, 3, 18, 31, 68, 57, 15, 81, 67, 53, 48, 7, 42, 72, 99, 53, 62, 78, 82, 44, 14, 38, 25, 64, 98, 21, 104, 2, 52, 0, 13, 20, 55, 44, 17, 89, 14, 99, 69, 18, 20, 105, 33, 84, 37, 52, 10, 57, 5, 27, 6, 55, 75, 22, 50, 5, 43, 15, 82, 119, 14, 98, 108
59, 18, 17, 6, 12, 72, 48, 8, 23, 25, 104, 107, 72, 42, 50, 4, 111, 24, 11, 25, 100, 9, 14, 113, 70, 99, 21, 81, 69, 59, 6, 77, 14, 24, 3, 71, 4, 14, 109, 80, 53, 64, 16, 38, 50, 60, 10, 13, 7, 109, 34, 15, 5, 9, 14, 58, 114, 4, 39, 16, 62, 95, 7, 19, 13, 91, 10, 27, 18, 69, 44, 10, 94, 68, 64, 37, 6, 55, 73, 98, 54, 49, 79, 83, 57, 9, 39, 38, 65, 99, 8, 103, 13, 53, 13, 0, 15, 42, 43, 14, 102, 3, 112, 56, 5, 21, 118, 20, 71, 42, 53, 11, 70, 14, 26, 7, 42, 62, 21, 63, 8, 42, 12, 81, 118, 23, 99, 95
74, 33, 26, 19, 27, 57, 33, 7, 38, 32, 97, 114, 79, 57, 43, 15, 104, 25, 18, 40, 85, 6, 29, 128, 85, 92, 28, 88, 54, 74, 21, 62, 15, 17, 14, 56, 11, 29, 116, 65, 60, 79, 31, 31, 65, 67, 25, 20, 20, 94, 49, 30, 10, 6, 21, 73, 99, 19, 32, 21, 69, 102, 22, 12, 14, 106, 17, 34, 13, 54, 37, 25, 101, 53, 71, 52, 13, 62, 58, 113, 39, 42, 64, 68, 64, 24, 24, 45, 50, 84, 19, 118, 20, 38, 20, 15, 0, 35, 58, 3, 109, 18, 119, 49, 20, 14, 125, 13, 64, 49, 38, 12, 77, 21, 41, 14, 35, 55, 36, 70, 17, 57, 27, 96, 133, 30, 84, 88
87, 46, 59, 36, 50, 76, 20, 42, 51, 67, 62, 149, 114, 70, 36, 46, 69, 60, 53, 53, 72, 37, 42, 141, 98, 57, 63, 123, 83, 87, 48, 61, 28, 18, 39, 69, 42, 42, 151, 52, 95, 92, 46, 10, 78, 102, 48, 55, 49, 81, 62, 43, 45, 35, 56, 86, 86, 46, 43, 34, 104, 137, 47, 23, 29, 119, 52, 69, 26, 69, 46, 40, 136, 42, 106, 65, 48, 97, 45, 126, 74, 7, 51, 55, 99, 41, 59, 80, 75, 71, 34, 131, 55, 25, 55, 42, 35, 0, 75, 38, 144, 41, 154, 50, 37, 49, 160, 22, 29, 84, 25, 47, 112, 56, 54, 49, 36, 38, 49, 105, 50, 70, 40, 109, 146, 65, 71, 53
58, 39, 32, 39, 31, 115, 91, 51, 38, 38, 137, 74, 39, 61, 83, 43, 144, 67, 40, 32, 143, 52, 41, 70, 27, 132, 30, 62, 112, 16, 37, 120, 47, 65, 44, 114, 47, 47, 76, 123, 64, 67, 29, 71, 41, 27, 33, 50, 38, 152, 39, 32, 48, 52, 45, 31, 157, 39, 72, 49, 29, 62, 36, 52, 46, 48, 43, 26, 51, 112, 77, 35, 61, 111, 31, 68, 45, 56, 116, 55, 97, 82, 122, 126, 66, 34, 82, 67, 108, 142, 41, 60, 46, 96, 44, 43, 58, 75, 0, 57, 69, 40, 79, 89, 38, 64, 85, 61, 104, 81, 96, 54, 43, 39, 33, 50, 75, 95, 34, 36, 41, 53, 35, 56, 75, 30, 142, 128
73, 32, 25, 18, 26, 58, 34, 6, 37, 29, 100, 111, 76, 56, 46, 14, 107, 22, 17, 39, 86, 5, 28, 127, 84, 95, 27, 85, 55, 73, 20, 63, 14, 20, 13, 57, 10, 28, 113, 66, 57, 78, 30, 34, 64, 64, 24, 17, 19, 95, 48, 29, 9, 5, 18, 72, 100, 18, 35, 20, 66, 99, 21, 15, 13, 105, 14, 31, 14, 55, 40, 24, 98, 54, 68, 51, 12, 59, 59, 112, 40, 45, 65, 69, 61, 23, 25, 42, 51, 85, 18, 117, 17, 39, 17, 14, 3, 38, 57, 0, 106, 17, 116, 52, 19, 11, 122, 16, 67, 46, 39, 9, 74, 18, 40, 11, 38, 58, 35, 67, 16, 56, 26, 95, 132, 27, 85, 91
127, 108, 85, 108, 94, 68, 134, 102, 107, 77, 206, 23, 72, 130, 152, 98, 213, 84, 91, 101, 102, 107, 110, 129, 86, 201, 81, 21, 61, 83, 96, 83, 116, 126, 105, 75, 102, 116, 27, 126, 49, 136, 98, 140, 110, 42, 96, 89, 95, 93, 108, 101, 99, 109, 88, 100, 98, 98, 141, 118, 66, 53, 97, 121, 115, 107, 92, 75, 120, 75, 146, 104, 22, 102, 68, 137, 96, 47, 121, 124, 70, 151, 143, 103, 45, 103, 85, 64, 69, 97, 110, 119, 89, 135, 89, 102, 109, 144, 69, 106, 0, 103, 34, 158, 107, 95, 28, 122, 173, 60, 139, 97, 32, 88, 102, 95, 144, 164, 103, 39, 94, 122, 104, 125, 134, 79, 101, 197
56, 15, 18, 5, 9, 75, 51, 11, 20, 26, 103, 108, 73, 39, 49, 5, 110, 27, 12, 22, 103, 12, 11, 110, 67, 98, 22, 82, 72, 56, 7, 80, 13, 25, 4, 74, 7, 13, 110, 83, 54, 61, 13, 37, 47, 61, 7, 14, 8, 112, 31, 12, 8, 12, 15, 55, 117, 5, 38, 15, 63, 96, 6, 18, 12, 88, 11, 28, 17, 72, 43, 7, 95, 71, 65, 34, 7, 56, 76, 95, 57, 48, 82, 86, 58, 6, 42, 39, 68, 102, 7, 100, 14, 56, 14, 3, 18, 41, 40, 17, 103, 0, 113, 55, 4, 24, 119, 21, 70, 43, 56, 14, 71, 15, 23, 10, 41, 61, 18, 64, 9, 39, 9, 78, 115, 24, 102, 94
137, 118, 95, 118, 104, 90, 144, 112, 117, 87, 216, 11, 40, 140, 162, 108, 223, 94, 101, 111, 118, 117, 120, 121, 70, 211, 91, 37, 87, 93, 106, 95, 126, 136, 115, 89, 112, 126, 7, 136, 59, 146, 108, 150, 120, 52, 106, 99, 105, 127, 118, 111, 109, 119, 98, 110, 132, 108, 151, 128, 50, 19, 107, 131, 125, 103, 102, 85, 130, 87, 156, 114, 18, 112, 48, 147, 106, 57, 131, 134, 80, 161, 153, 113, 55, 113, 95, 74, 83, 117, 120, 115, 99, 145, 99, 112, 119, 154, 79, 116, 34, 113, 0, 168, 117, 105, 6, 132, 183, 70, 149, 107, 42, 98, 112, 105, 154, 174, 113, 49, 104, 132, 114, 135, 120, 89, 117, 207
37, 50, 73, 50, 64, 94, 70, 56, 51, 81, 48, 163, 128, 28, 14, 60, 55, 74, 67, 57, 122, 51, 48, 91, 98, 43, 77, 137, 97, 75, 62, 99, 42, 44, 53, 93, 56, 42, 165, 102, 109, 42, 60, 40, 48, 116, 62, 69, 63, 131, 50, 57, 59, 49, 70, 58, 136, 60, 17, 40, 118, 151, 61, 37, 43, 69, 66, 83, 38, 91, 12, 54, 150, 90, 120, 21, 62, 111, 95, 76, 88, 55, 101, 105, 113, 55, 73, 94, 89, 121, 48, 81, 69, 75, 69, 56, 49, 50, 89, 52, 158, 55, 168, 0, 51, 63, 174, 40, 51, 98, 75, 61, 126, 70, 56, 63, 14, 12, 55, 119, 64, 36, 54, 59, 96, 79, 121, 39
54, 13, 22, 1, 13, 77, 53, 13, 18, 30, 99, 112, 77, 37, 45, 9, 106, 29, 16, 20, 105, 14, 9, 108, 65, 94, 26, 86, 74, 54, 11, 82, 9, 27, 6, 76, 9, 9, 114, 85, 58, 59, 11, 33, 45, 65, 11, 18, 12, 114, 29, 10, 10, 14, 19, 53, 119, 9, 34, 11, 67, 100, 10, 14, 8, 86, 15, 32, 13, 74, 39, 5, 99, 73, 69, 32, 11, 60, 78, 93, 59, 44, 84, 88, 62, 4, 44, 43, 70, 104, 3, 98, 18, 58, 18, 5, 20, 37, 38, 19, 107, 4, 117, 51, 0, 26, 123, 23, 66, 47, 58, 16, 75, 19, 21, 12, 37, 57, 16, 68, 13, 37, 7, 76, 113, 28, 104, 90
80, 39, 32, 25, 33, 51, 39, 13, 44, 26, 111, 100, 77, 63, 57, 21, 118, 11, 24, 46, 79, 12, 35, 134, 91, 106, 34, 74, 48, 80, 27, 56, 21, 31, 20, 50, 17, 35, 102, 59, 46, 85, 37, 45, 71, 53, 31, 14, 26, 88, 55, 36, 16, 14, 19, 79, 93, 25, 46, 27, 71, 88, 28, 26, 20, 112, 21, 38, 25, 48, 51, 31, 87, 47, 73, 58, 19, 48, 52, 119, 33, 56, 58, 62, 50, 30, 18, 31, 44, 78, 25, 124, 18, 40, 20, 21, 14, 49, 64, 11, 95, 24, 105, 63, 26, 0, 111, 27, 78, 35, 44, 10, 63, 25, 47, 14, 49, 69, 42, 56, 23, 63, 33, 102, 139, 34, 78, 102
143, 124, 101, 124, 110, 84, 150, 118, 123, 93, 222, 11, 46, 146, 168, 114, 229, 100, 107, 117, 118, 123, 126, 127, 76, 217, 97, 37, 81, 99, 112, 99, 132, 142, 121, 91, 118, 132, 9, 142, 65, 152, 114, 156, 126, 58, 112, 105, 111, 121, 124, 117, 115, 125, 104, 116, 126, 114, 157, 134, 56, 25, 113, 137, 131, 109, 108, 91, 136, 91, 162, 120, 24, 118, 54, 153, 112, 63, 137, 140, 86, 167, 159, 119, 61, 119, 101, 80, 85, 113, 126, 121, 105, 151, 105, 118, 125, 160, 85, 122, 28, 119, 6, 174, 123, 111, 0, 138, 189, 76, 155, 113, 48, 104, 118, 111, 160, 180, 119, 55, 110, 138, 120, 141, 126, 95, 117, 213
77, 36, 37, 22, 30, 54, 30, 20, 41, 45, 84, 127, 92, 60, 30, 24, 91, 38, 31, 43, 82, 15, 32, 131, 88, 79, 41, 101, 61, 77, 26, 59, 18, 4, 17, 53, 20, 32, 129, 62, 73, 82, 34, 18, 68, 80, 28, 33, 27, 91, 52, 33, 23, 13, 34, 76, 96, 24, 33, 24, 82, 115, 25, 13, 17, 109, 30, 47, 16, 51, 36, 28, 114, 50, 84, 55, 26, 75, 55, 116, 52, 29, 61, 65, 77, 27, 37, 58, 53, 81, 22, 121, 33, 35, 33, 20, 13, 22, 61, 16, 122, 21, 132, 40, 23, 27, 138, 0, 51, 62, 35, 25, 90, 34, 44, 27, 26, 42, 39, 83, 28, 60, 30, 99, 136, 43, 81, 75
88, 65, 88, 65, 79, 105, 39, 71, 66, 96, 33, 178, 143, 71, 37, 75, 40, 89, 82, 72, 71, 66, 63, 142, 113, 46, 92, 152, 112, 90, 77, 90, 57, 47, 68, 98, 71, 57, 180, 51, 124, 93, 75, 33, 79, 131, 77, 84, 78, 80, 65, 72, 74, 64, 85, 87, 85, 75, 44, 55, 133, 166, 76, 52, 58, 120, 81, 98, 53, 98, 47, 69, 165, 71, 135, 66, 77, 126, 52, 127, 103, 22, 50, 70, 128, 70, 88, 109, 104, 76, 63, 132, 84, 38, 84, 71, 64, 29, 104, 67, 173, 70, 183, 51, 66, 78, 189, 51, 0, 113, 34, 76, 141, 85, 71, 78, 37, 39, 70, 134, 79, 71, 69, 110, 147, 94, 72, 30
97, 56, 49, 48, 50, 34, 74, 42, 61, 43, 146, 65, 94, 80, 92, 38, 153, 24, 41, 63, 62, 47, 52, 151, 108, 141, 51, 39, 31, 97, 44, 39, 56, 66, 45, 33, 42, 56, 67, 66, 17, 102, 54, 80, 88, 60, 48, 31, 43, 71, 72, 53, 39, 49, 36, 96, 76, 42, 81, 58, 88, 75, 45, 61, 55, 129, 38, 55, 60, 31, 86, 48, 52, 42, 90, 77, 36, 25, 61, 136, 16, 91, 83, 45, 15, 47, 25, 14, 27, 61, 50, 141, 35, 75, 37, 42, 49, 84, 81, 46, 60, 43, 70, 98, 47, 35, 76, 62, 113, 0, 79, 37, 38, 42, 64, 35, 84, 104, 59, 45, 40, 80, 50, 119, 156, 51, 61, 137
112, 71, 64, 57, 65, 71, 5, 45, 76, 62, 67, 144, 109, 95, 61, 53, 74, 55, 56, 78, 47, 44, 67, 166, 123, 70, 66, 118, 78, 112, 59, 56, 53, 31, 52, 64, 49, 67, 146, 27, 90, 117, 69, 35, 103, 97, 63, 50, 58, 56, 87, 68, 48, 44, 51, 111, 61, 57, 68, 59, 103, 132, 60, 48, 52, 144, 53, 70, 51, 64, 71, 63, 131, 37, 105, 90, 51, 92, 20, 151, 69, 20, 26, 36, 94, 62, 54, 75, 70, 46, 57, 156, 50, 4, 52, 53, 38, 25, 96, 39, 139, 56, 149, 75, 58, 44, 155, 35, 34, 79, 0, 42, 107, 57, 79, 46, 61, 63, 74, 100, 55, 95, 65, 134, 171, 66, 46, 58
70, 29, 22, 15, 23, 61, 37, 5, 34, 20, 109, 102, 67, 53, 55, 11, 116, 13, 14, 36, 89, 10, 25, 124, 81, 104, 24, 76, 58, 70, 17, 66, 19, 29, 10, 60, 7, 25, 104, 69, 48, 75, 27, 43, 61, 55, 21, 8, 16, 98, 45, 26, 6, 12, 9, 69, 103, 15, 44, 21, 61, 90, 18, 24, 18, 102, 11, 28, 23, 58, 49, 21, 89, 57, 63, 48, 9, 50, 62, 109, 43, 54, 68, 72, 52, 20, 28, 33, 54, 88, 15, 114, 8, 42, 10, 11, 12, 47, 54, 9, 97, 14, 107, 61, 16, 10, 113, 25, 76, 37, 42, 0, 65, 15, 37, 4, 47, 67, 32, 58, 13, 53, 23, 92, 129, 24, 88, 100
95, 76, 53, 76, 62, 72, 102, 70, 75, 45, 174, 37, 56, 98, 120, 66, 181, 52, 59, 69, 100, 75, 78, 113, 70, 169, 49, 19, 69, 59, 64, 77, 84, 94, 73, 71, 70, 84, 39, 94, 21, 104, 66, 108, 78, 22, 64, 57, 63, 109, 76, 69, 67, 77, 56, 68, 114, 66, 109, 86, 50, 37, 65, 89, 83, 91, 60, 43, 88, 69, 114, 72, 24, 70, 52, 105, 64, 15, 89, 98, 54, 119, 111, 83, 23, 71, 53, 32, 65, 99, 78, 103, 57, 103, 57, 70, 77, 112, 43, 74, 32, 71, 42, 126, 75, 63, 48, 90, 141, 38, 107, 65, 0, 56, 70, 63, 112, 132, 71, 7, 62, 90, 72, 93, 118, 47, 99, 165
55, 20, 7, 20, 8, 76, 52, 14, 19, 11, 118, 93, 58, 42, 64, 10, 125, 28, 3, 21, 104, 19, 22, 109, 66, 113, 9, 67, 73, 55, 8, 81, 28, 38, 17, 75, 14, 28, 95, 84, 39, 60, 12, 52, 46, 46, 8, 11, 7, 113, 30, 13, 11, 21, 6, 54, 118, 10, 53, 30, 48, 81, 9, 33, 27, 87, 4, 13, 32, 73, 58, 16, 80, 72, 50, 49, 8, 41, 77, 94, 58, 63, 83, 87, 43, 15, 43, 28, 69, 103, 22, 99, 7, 57, 5, 14, 21, 56, 39, 18, 88, 15, 98, 70, 19, 25, 104, 34, 85, 42, 57, 15, 56, 0, 22, 11, 56, 76, 17, 49, 6, 38, 16, 77, 114, 9, 103, 109
33, 8, 17, 22, 14, 98, 74, 34, 5, 25, 104, 107, 72, 28, 50, 26, 111, 50, 23, 1, 126, 35, 12, 87, 44, 99, 21, 81, 95, 33, 20, 103, 26, 48, 27, 97, 30, 14, 109, 106, 53, 38, 10, 44, 24, 60, 16, 33, 21, 135, 8, 11, 31, 35, 28, 32, 140, 22, 39, 20, 62, 95, 19, 31, 27, 65, 26, 27, 28, 95, 44, 16, 94, 94, 64, 35, 28, 55, 99, 72, 80, 59, 105, 109, 57, 17, 65, 50, 91, 125, 22, 77, 29, 79, 27, 26, 41, 54, 33, 40, 102, 23, 112, 56, 21, 47, 118, 44, 71, 64, 79, 37, 70, 22, 0, 33, 42, 62, 5, 63, 24, 20, 14, 55, 92, 23, 125, 95
66, 25, 18, 13, 19, 65, 41, 7, 30, 18, 111, 100, 65, 49, 57, 7, 118, 17, 10, 32, 93, 12, 21, 120, 77, 106, 20, 74, 62, 66, 13, 70, 21, 31, 10, 64, 7, 21, 102, 73, 46, 71, 23, 45, 57, 53, 17, 6, 12, 102, 41, 22, 4, 14, 7, 65, 107, 11, 46, 23, 57, 88, 14, 26, 20, 98, 7, 24, 25, 62, 51, 17, 87, 61, 59, 44, 5, 48, 66, 105, 47, 56, 72, 76, 50, 16, 32, 31, 58, 92, 15, 110, 6, 46, 6, 7, 14, 49, 50, 11, 95, 10, 105, 63, 12, 14, 111, 27, 78, 35, 46, 4, 63, 11, 33, 0, 49, 69, 28, 56, 9, 49, 19, 88, 125, 20, 92, 102
51, 36, 59, 36, 50, 80, 56, 42, 37, 67, 62, 149, 114, 34, 8, 46, 69, 60, 53, 43, 108, 37, 34, 105, 84, 57, 63, 123, 83, 61, 48, 85, 28, 30, 39, 79, 42, 28, 151, 88, 95, 56, 46, 26, 42, 102, 48, 55, 49, 117, 36, 43, 45, 35, 56, 50, 122, 46, 7, 26, 104, 137, 47, 23, 29, 83, 52, 69, 24, 77, 10, 40, 136, 76, 106, 29, 48, 97, 81, 90, 74, 41, 87, 91, 99, 41, 59, 80, 75, 107, 34, 95, 55, 61, 55, 42, 35, 36, 75, 38, 144, 41, 154, 14, 37, 49, 160, 26, 37, 84, 61, 47, 112, 56, 42, 49, 0, 20, 41, 105, 50, 34, 40, 73, 110, 65, 107, 53
49, 56, 79, 56, 70, 96, 58, 62, 57, 87, 42, 169, 134, 34, 12, 66, 49, 80, 73, 63, 110, 57, 54, 103, 104, 37, 83, 143, 103, 81, 68, 87, 48, 38, 59, 89, 62, 48, 171, 90, 115, 54, 66, 28, 54, 122, 68, 75, 69, 119, 56, 63, 65, 55, 76, 64, 124, 66, 23, 46, 124, 157, 67, 43, 49, 81, 72, 89, 44, 89, 18, 60, 156, 78, 126, 27, 68, 117, 83, 88, 94, 43, 89, 93, 119, 61, 79, 100, 95, 109, 54, 93, 75, 63, 75, 62, 55, 38, 95, 58, 164, 61, 174, 12, 57, 69, 180, 42, 39, 104, 63, 67, 132, 76, 62, 69, 20, 0, 61, 125, 70, 42, 60, 71, 108, 85, 109, 33
38, 5, 18, 17, 9, 93, 69, 29, 4, 26, 103, 108, 73, 27, 49, 21, 110, 45, 18, 4, 121, 30, 7, 92, 49, 98, 22, 82, 90, 38, 15, 98, 21, 43, 22, 92, 25, 13, 110, 101, 54, 43, 5, 39, 29, 61, 11, 28, 16, 130, 13, 6, 26, 30, 23, 37, 135, 17, 38, 15, 63, 96, 14, 26, 22, 70, 21, 28, 23, 90, 43, 11, 95, 89, 65, 34, 23, 56, 94, 77, 75, 54, 100, 104, 58, 12, 60, 45, 86, 120, 17, 82, 24, 74, 22, 21, 36, 49, 34, 35, 103, 18, 113, 55, 16, 42, 119, 39, 70, 59, 74, 32, 71, 17, 5, 28, 41, 61, 0, 64, 19, 21, 9, 60, 97, 24, 120, 94
88, 69, 46, 69, 55, 79, 95, 63, 68, 38, 167, 44, 49, 91, 113, 59, 174, 45, 52, 62, 107, 68, 71, 106, 63, 162, 42, 26, 76, 52, 57, 84, 77, 87, 66, 78, 63, 77, 46, 87, 28, 97, 59, 101, 71, 15, 57, 50, 56, 116, 69, 62, 60, 70, 49, 61, 121, 59, 102, 79, 43, 32, 58, 82, 76, 84, 53, 36, 81, 76, 107, 65, 31, 75, 45, 98, 57, 20, 82, 91, 61, 112, 104, 90, 30, 64, 46, 31, 72, 106, 71, 96, 50, 96, 50, 63, 70, 105, 36, 67, 39, 64, 49, 119, 68, 56, 55, 83, 134, 45, 100, 58, 7, 49, 63, 56, 105, 125, 64, 0, 55, 83, 65, 86, 111, 40, 106, 158
57, 16, 9, 14, 10, 74, 50, 10, 21, 17, 112, 99, 64, 40, 58, 4, 119, 26, 3, 23, 102, 13, 16, 111, 68, 107, 13, 73, 71, 57, 4, 79, 22, 32, 11, 73, 8, 22, 101, 82, 45, 62, 14, 46, 48, 52, 8, 9, 3, 111, 32, 13, 7, 15, 6, 56, 116, 4, 47, 24, 54, 87, 5, 27, 21, 89, 2, 19, 26, 71, 52, 10, 86, 70, 56, 43, 4, 47, 75, 96, 56, 57, 81, 85, 49, 9, 41, 30, 67, 101, 16, 101, 5, 55, 5, 8, 17, 50, 41, 16, 94, 9, 104, 64, 13, 23, 110, 28, 79, 40, 55, 13, 62, 6, 24, 9, 50, 70, 19, 55, 0, 40, 10, 79, 116, 15, 101, 103
17, 24, 37, 38, 30, 114, 90, 50, 19, 45, 84, 127, 92, 8, 34, 42, 91, 66, 39, 21, 142, 51, 28, 71, 62, 79, 41, 101, 111, 39, 36, 119, 42, 64, 43, 113, 46, 28, 129, 122, 73, 22, 26, 60, 12, 80, 32, 49, 37, 151, 14, 27, 47, 51, 44, 22, 156, 38, 27, 36, 82, 115, 35, 47, 43, 49, 42, 47, 44, 111, 24, 32, 114, 110, 84, 15, 44, 75, 115, 56, 96, 75, 121, 125, 77, 33, 81, 66, 107, 141, 38, 61, 45, 95, 43, 42, 57, 70, 53, 56, 122, 39, 132, 36, 37, 63, 138, 60, 71, 80, 95, 53, 90, 38, 20, 49, 34, 42, 21, 83, 40, 0, 30, 39, 76, 43, 141, 75
47, 6, 19, 8, 10, 84, 60, 20, 11, 27, 102, 109, 74, 30, 48, 12, 109, 36, 13, 13, 112, 21, 6, 101, 58, 97, 23, 83, 81, 47, 8, 89, 12, 34, 13, 83, 16, 12, 111, 92, 55, 52, 6, 36, 38, 62, 8, 19, 9, 121, 22, 3, 17, 21, 16, 46, 126, 8, 37, 14, 64, 97, 7, 17, 13, 79, 12, 29, 16, 81, 42, 2, 96, 80, 66, 33, 14, 57, 85, 86, 66, 47, 91, 95, 59, 3, 51, 40, 77, 111, 8, 91, 15, 65, 15, 12, 27, 40, 35, 26, 104, 9, 114, 54, 7, 33, 120, 30, 69, 50, 65, 23, 72, 16, 14, 19, 40, 60, 9, 65, 10, 30, 0, 69, 106, 25, 111, 93
22, 63, 70, 77, 69, 153, 129, 89, 58, 76, 81, 130, 95, 39, 73, 81, 88, 105, 78, 56, 181, 90, 67, 32, 65, 76, 68, 104, 150, 42, 75, 158, 81, 103, 82, 152, 85, 67, 132, 161, 102, 17, 65, 99, 31, 83, 71, 88, 76, 190, 47, 66, 86, 90, 83, 25, 195, 77, 66, 75, 85, 118, 74, 86, 82, 32, 81, 64, 83, 150, 63, 71, 117, 149, 87, 44, 83, 94, 154, 17, 135, 114, 160, 164, 104, 72, 120, 105, 146, 180, 77, 22, 84, 134, 82, 81, 96, 109, 56, 95, 125, 78, 135, 59, 76, 102, 141, 99, 110, 119, 134, 92, 93, 77, 55, 88, 73, 71, 60, 86, 79, 39, 69, 0, 37, 68, 180, 80
59, 100, 107, 114, 106, 190, 166, 126, 95, 113, 118, 115, 80, 76, 110, 118, 119, 142, 115, 93, 218, 127, 104, 5, 50, 101, 105, 137, 187, 59, 112, 195, 118, 140, 119, 189, 122, 104, 117, 198, 139, 54, 102, 136, 68, 96, 108, 125, 113, 227, 84, 103, 123, 127, 120, 60, 232, 114, 103, 112, 70, 103, 111, 123, 119, 27, 118, 101, 120, 187, 100, 108, 112, 186, 72, 81, 120, 131, 191, 20, 172, 151, 197, 201, 141, 109, 157, 142, 183, 217, 114, 15, 121, 171, 119, 118, 133, 146, 75, 132, 134, 115, 120, 96, 113, 139, 126, 136, 147, 156, 171, 129, 118, 114, 92, 125, 110, 108, 97, 111, 116, 76, 106, 37, 0, 105, 217, 117
48, 29, 6, 29, 15, 85, 61, 23, 28, 8, 127, 84, 49, 51, 73, 19, 134, 37, 12, 22, 113, 28, 31, 100, 57, 122, 2, 58, 82, 46, 17, 90, 37, 47, 26, 84, 23, 37, 86, 93, 34, 57, 19, 61, 37, 37, 17, 20, 16, 122, 29, 22, 20, 30, 15, 45, 127, 19, 62, 39, 39, 72, 18, 42, 36, 78, 13, 4, 41, 82, 67, 25, 71, 81, 41, 58, 17, 32, 86, 85, 67, 72, 92, 96, 36, 24, 52, 37, 78, 112, 31, 90, 16, 66, 14, 23, 30, 65, 30, 27, 79, 24, 89, 79, 28, 34, 95, 43, 94, 51, 66, 24, 47, 9, 23, 20, 65, 85, 24, 40, 15, 43, 25, 68, 105, 0, 112, 118
158, 117, 110, 103, 111, 33, 51, 91, 122, 104, 105, 106, 155, 141, 107, 99, 112, 75, 102, 124, 1, 90, 113, 212, 169, 116, 112, 80, 40, 158, 105, 22, 99, 77, 98, 28, 95, 113, 110, 25, 78, 163, 115, 81, 149, 121, 109, 92, 104, 10, 133, 114, 94, 90, 97, 157, 15, 103, 114, 105, 149, 136, 106, 94, 98, 190, 99, 116, 97, 30, 117, 109, 105, 31, 151, 136, 97, 86, 26, 197, 45, 66, 42, 16, 76, 108, 60, 75, 34, 4, 103, 202, 96, 46, 98, 99, 84, 71, 142, 85, 101, 102, 117, 121, 104, 78, 117, 81, 72, 61, 46, 88, 99, 103, 125, 92, 107, 109, 120, 106, 101, 141, 111, 180, 217, 112, 0, 100
70, 89, 112, 89, 103, 129, 63, 95, 90, 120, 9, 202, 167, 67, 45, 99, 16, 113, 106, 96, 101, 90, 87, 112, 137, 16, 116, 176, 136, 114, 101, 114, 81, 71, 92, 122, 95, 81, 204, 81, 148, 63, 99, 57, 87, 155, 101, 108, 102, 110, 89, 96, 98, 88, 109, 97, 115, 99, 56, 79, 157, 190, 100, 76, 82, 104, 105, 122, 77, 122, 51, 93, 189, 95, 159, 60, 101, 150, 76, 97, 127, 46, 80, 94, 152, 94, 112, 133, 128, 100, 87, 102, 108, 62, 108, 95, 88, 53, 128, 91, 197, 94, 207, 39, 90, 102, 213, 75, 30, 137, 58, 100, 165, 109, 95, 102, 53, 33, 94, 158, 103, 75, 93, 80, 117, 118, 100, 0
